2 0.65283203 0.58865711 0.12500000 0.16688396
2 0.69213867 0.29726206 0.15478516 0.17601043
2 0.40112305 0.79595828 0.07470703 0.03129074
2 0.49194336 0.71284224 0.10595703 0.07627119
2 0.44482422 0.07529335 0.12792969 0.15058670
2 0.30175781 0.56290743 0.08886719 0.16753585
2 0.39086914 0.72262060 0.08740234 0.08930900
2 0.66284180 0.44263364 0.10791016 0.14602347
2 0.60498047 0.32757497 0.06933594 0.12190352
2 0.50512695 0.86864407 0.11865234 0.14797914
2 0.62377930 0.07431551 0.11376953 0.13037810
2 0.29052734 0.39634941 0.09277344 0.16036506
2 0.67504883 0.67829205 0.09521484 0.07496741
2 0.72192383 0.82855280 0.11865234 0.15384615
0 0.46582031 0.48207301 0.32031250 0.40482399
