2 0.80566406 0.90514993 0.11914062 0.18187744
2 0.31250000 0.05182529 0.11132812 0.10234681
2 0.92846680 0.07627119 0.13525391 0.15123859
2 0.65576172 0.72718383 0.10546875 0.15710561
2 0.52636719 0.69524120 0.09179688 0.14667536
2 0.84228516 0.54921773 0.11230469 0.09061278
2 0.77294922 0.40286832 0.15136719 0.18513690
2 0.82055664 0.75195567 0.10595703 0.12190352
2 0.86010742 0.67079531 0.15283203 0.17992177
2 0.67138672 0.88591917 0.11035156 0.16949153
2 0.07910156 0.70306389 0.12500000 0.17405476
2 0.95019531 0.56747066 0.09863281 0.17926988
2 0.67749023 0.42731421 0.08740234 0.14797914
2 0.75634766 0.60886571 0.09960938 0.12907432
2 0.42456055 0.76760104 0.11669922 0.16623207
2 0.90771484 0.45632334 0.14843750 0.16297262
2 0.10839844 0.16036506 0.12988281 0.14993481
