2 0.56616211 0.29530639 0.12451172 0.16688396
2 0.34765625 0.24250326 0.13183594 0.20730117
2 0.72119141 0.63135593 0.02343750 0.10104302
2 0.65893555 0.50977836 0.05712891 0.14211213
2 0.17895508 0.57301173 0.11767578 0.17079531
2 0.54663086 0.76401565 0.12548828 0.11864407
2 0.66625977 0.64504563 0.06689453 0.11668840
2 0.45654297 0.28259452 0.10937500 0.14276402
2 0.37011719 0.35951760 0.09179688 0.09322034
2 0.77563477 0.49315515 0.11083984 0.15710561
2 0.18066406 0.33441982 0.09765625 0.15123859
2 0.42187500 0.77900913 0.12011719 0.12385919
2 0.63305664 0.26597132 0.05615234 0.12777053
2 0.74487305 0.20273794 0.11474609 0.15906128
0 0.48583984 0.54498044 0.30273438 0.42764016
