2 0.19433594 0.90449804 0.11914062 0.18187744
2 0.68774414 0.05117340 0.11083984 0.10234681
2 0.07153320 0.07594524 0.13525391 0.15189048
2 0.34472656 0.72718383 0.10449219 0.15580183
2 0.47363281 0.69458931 0.09179688 0.14667536
2 0.15747070 0.54889179 0.11279297 0.08996089
2 0.22680664 0.40221643 0.15087891 0.18513690
2 0.17895508 0.75130378 0.10693359 0.12190352
2 0.13989258 0.67014342 0.15283203 0.17992177
2 0.32836914 0.88526728 0.11083984 0.16949153
2 0.92114258 0.70241199 0.12548828 0.17405476
2 0.04980469 0.56681877 0.09960938 0.17926988
2 0.32250977 0.42601043 0.08837891 0.14928292
2 0.24365234 0.60821382 0.09960938 0.12907432
2 0.57543945 0.76694915 0.11669922 0.16623207
2 0.09228516 0.45567145 0.14843750 0.16297262
2 0.89135742 0.15971317 0.13037109 0.14993481
