2 0.80346680 0.90775750 0.13623047 0.15840939
2 0.16406250 0.24902216 0.07617188 0.14863103
2 0.19165039 0.99022164 0.06787109 0.01825293
2 0.67016602 0.70762712 0.11767578 0.14015645
2 0.64648438 0.53455020 0.10937500 0.12255541
2 0.53613281 0.94067797 0.06640625 0.11734029
2 0.42724609 0.86440678 0.13867188 0.20078227
2 0.68872070 0.92796610 0.09130859 0.14276402
2 0.62768555 0.93807040 0.13427734 0.12255541
2 0.78906250 0.72848761 0.12695312 0.14797914
2 0.64770508 0.01043025 0.08056641 0.02086050
2 0.44506836 0.73631030 0.11181641 0.11799218
2 0.58129883 0.84159061 0.09619141 0.13298566
2 0.70019531 0.39863103 0.12500000 0.15580183
2 0.47070312 0.97196871 0.11425781 0.05475880
2 0.24267578 0.03194263 0.10644531 0.06388527
