0 0.33032227 0.17731421 0.26123047 0.35462842
2 0.42773438 0.78389831 0.09375000 0.14667536
2 0.28344727 0.47816167 0.09228516 0.11408083
2 0.86669922 0.66101695 0.09960938 0.12907432
2 0.34448242 0.63787484 0.11279297 0.08018253
2 0.45874023 0.54269883 0.11962891 0.16623207
2 0.50634766 0.69817471 0.11816406 0.17209909
2 0.60327148 0.33344198 0.14306641 0.15189048
2 0.34423828 0.54465450 0.12597656 0.16232073
2 0.68920898 0.56616688 0.08740234 0.10886571
2 0.54882812 0.43709257 0.11328125 0.14928292
2 0.77099609 0.52183833 0.13867188 0.17926988
2 0.82421875 0.32529335 0.08691406 0.13428944
2 0.88427734 0.66069100 0.13476562 0.12842243
2 0.23095703 0.56942634 0.09960938 0.12320730
2 0.35913086 0.74087353 0.12158203 0.16883963
2 0.67065430 0.44198175 0.12255859 0.15775750
2 0.93164062 0.64113429 0.04199219 0.04758801
2 0.26733398 0.43252934 0.08251953 0.07627119
2 0.17138672 0.45273794 0.11328125 0.14928292
