0 0.66918945 0.17698827 0.26123047 0.35397653
2 0.57177734 0.78422425 0.09375000 0.14602347
2 0.71606445 0.47881356 0.09228516 0.11408083
2 0.13281250 0.66069100 0.09960938 0.12842243
2 0.65502930 0.63722295 0.11279297 0.08148631
2 0.54101562 0.54269883 0.12011719 0.16623207
2 0.49316406 0.69817471 0.11816406 0.17209909
2 0.39599609 0.33311604 0.14355469 0.15254237
2 0.65527344 0.54465450 0.12597656 0.16232073
2 0.31030273 0.56616688 0.08740234 0.10886571
2 0.45068359 0.43709257 0.11328125 0.14928292
2 0.22851562 0.52183833 0.13867188 0.17926988
2 0.17529297 0.32529335 0.08691406 0.13428944
2 0.11523438 0.66069100 0.13476562 0.12842243
2 0.76831055 0.56942634 0.09912109 0.12320730
2 0.64038086 0.74087353 0.12158203 0.16883963
2 0.32885742 0.44198175 0.12255859 0.15775750
2 0.06811523 0.64113429 0.04248047 0.04758801
2 0.73120117 0.43252934 0.08251953 0.07627119
2 0.82836914 0.45273794 0.11376953 0.14928292
