0 0.66967773 0.82235984 0.26123047 0.35397653
2 0.57226562 0.21610169 0.09375000 0.14667536
2 0.71655273 0.52151239 0.09228516 0.11473272
2 0.13330078 0.33898305 0.09960938 0.12907432
2 0.65551758 0.36277705 0.11279297 0.08148631
2 0.54150391 0.45762712 0.12011719 0.16558018
2 0.49365234 0.30182529 0.11816406 0.17209909
2 0.39648438 0.66720991 0.14355469 0.15189048
2 0.65576172 0.45567145 0.12597656 0.16166884
2 0.31079102 0.43415906 0.08740234 0.10951760
2 0.45117188 0.56355932 0.11328125 0.14928292
2 0.22900391 0.47816167 0.13867188 0.17926988
2 0.17578125 0.67470665 0.08691406 0.13428944
2 0.11596680 0.33898305 0.13427734 0.12907432
2 0.76879883 0.43089961 0.09912109 0.12255541
2 0.64086914 0.25977836 0.12158203 0.16883963
2 0.32934570 0.55801825 0.12255859 0.15775750
2 0.06860352 0.35886571 0.04248047 0.04758801
2 0.73217773 0.56747066 0.08349609 0.07627119
2 0.82885742 0.54726206 0.11376953 0.14928292
