3 0.43603516 0.75782269 0.28955078 0.39960887
2 0.77783203 0.20664928 0.11181641 0.17861799
2 0.67114258 0.12842243 0.11230469 0.17731421
2 0.82934570 0.46903520 0.09033203 0.16753585
2 0.67846680 0.32985658 0.12011719 0.15189048
2 0.59790039 0.25391134 0.10400391 0.13233377
2 0.55566406 0.09289439 0.11132812 0.15189048
2 0.43872070 0.07561930 0.09423828 0.13754889
2 0.43017578 0.21544980 0.11376953 0.14341591
2 0.49975586 0.31127771 0.09521484 0.14015645
2 0.33154297 0.05475880 0.10644531 0.10951760
2 0.68188477 0.78715776 0.12060547 0.16818774
2 0.78710938 0.93644068 0.10742188 0.12711864
2 0.63549805 0.94850065 0.11669922 0.10299870
