3 0.56396484 0.24217731 0.28955078 0.39960887
2 0.22216797 0.79335072 0.11181641 0.17861799
2 0.32885742 0.87157757 0.11230469 0.17731421
2 0.17065430 0.53096480 0.09033203 0.16753585
2 0.32153320 0.67014342 0.12011719 0.15189048
2 0.40209961 0.74608866 0.10400391 0.13233377
2 0.44433594 0.90710561 0.11132812 0.15189048
2 0.56127930 0.92438070 0.09423828 0.13754889
2 0.56982422 0.78455020 0.11376953 0.14341591
2 0.50024414 0.68872229 0.09521484 0.14015645
2 0.66845703 0.94524120 0.10644531 0.10951760
2 0.31811523 0.21284224 0.12060547 0.16818774
2 0.21289062 0.06355932 0.10742188 0.12711864
2 0.36401367 0.05117340 0.11669922 0.10234681
