2 0.26342773 0.74445893 0.12451172 0.16558018
2 0.13769531 0.56518905 0.09375000 0.16688396
2 0.18212891 0.72979140 0.08984375 0.16101695
2 0.89892578 0.45567145 0.11035156 0.14080834
2 0.06030273 0.93741851 0.11962891 0.12385919
2 0.14331055 0.37516297 0.10205078 0.09452412
2 0.12866211 0.82007823 0.08447266 0.14993481
2 0.06616211 0.36571056 0.03955078 0.04041721
2 0.21899414 0.58539765 0.13232422 0.16427640
2 0.90942383 0.32170795 0.10693359 0.12581486
2 0.31420898 0.63070404 0.10595703 0.15319426
2 0.95239258 0.63559322 0.09423828 0.14341591
2 0.24267578 0.47718383 0.11621094 0.13559322
0 0.42163086 0.91199478 0.26025391 0.17470665
0 0.06787109 0.71610169 0.13476562 0.40221643
0 0.24633789 0.18024772 0.31298828 0.35919166
