3 0.69321252 0.58544014 0.29914448 0.38638410
2 0.05053711 0.35495437 0.10107422 0.13624511
2 0.28024408 0.12911289 0.13395710 0.14959979
2 0.22168886 0.27144812 0.13272436 0.15009682
2 0.47686637 0.06027901 0.12532791 0.12055803
2 0.37249260 0.26184653 0.11382396 0.16052460
2 0.31578649 0.36935667 0.09903107 0.13854331
2 0.19497781 0.42557715 0.11382396 0.14894476
2 0.18224112 0.58190167 0.10313856 0.12585092
2 0.28681706 0.59314247 0.10766026 0.15162412
2 0.35872781 0.50017461 0.10519477 0.12697664
2 0.04047584 0.70064603 0.08094921 0.18230180
2 0.15244822 0.72505651 0.11012574 0.14225294
2 0.71499014 0.25718563 0.12573964 0.16107429
2 0.83682692 0.11677269 0.11546598 0.14357287
2 0.85511095 0.31889320 0.11505671 0.15611386
2 0.93215730 0.70201862 0.11875493 0.14884272
