1 0.55102539 0.45371578 0.64697266 0.81747066
2 0.49340820 0.05378096 0.10888672 0.10756193
2 0.80126953 0.60234681 0.11425781 0.16166884
2 0.68676758 0.84028683 0.13037109 0.15775750
2 0.78149414 0.37385919 0.08447266 0.10365059
2 0.74682617 0.95436767 0.12646484 0.08996089
2 0.38647461 0.02737940 0.10009766 0.05475880
2 0.84838867 0.02803129 0.05126953 0.05606258
2 0.83959961 0.94002608 0.06884766 0.11864407
2 0.86303711 0.28357236 0.02294922 0.08018253
2 0.38427734 0.11310300 0.09472656 0.14015645
2 0.83789062 0.80899609 0.07226562 0.14080834
