1 0.46523669 0.43185751 0.61242604 0.86371503
2 0.15502930 0.50847458 0.10107422 0.14602347
2 0.57617188 0.09778357 0.12109375 0.15254237
2 0.75439453 0.25000000 0.11816406 0.17405476
2 0.95141602 0.08767927 0.09619141 0.15189048
2 0.40502930 0.12353325 0.07763672 0.11277705
2 0.05541992 0.55182529 0.11083984 0.14276402
2 0.87011719 0.16786180 0.12792969 0.17275098
2 0.11132812 0.65058670 0.10937500 0.13298566
2 0.10473633 0.03487614 0.12451172 0.06975228
2 0.04052734 0.90612777 0.08105469 0.15123859
2 0.95336914 0.23207301 0.09228516 0.14471969
2 0.02465820 0.04432855 0.04931641 0.08865711
2 0.85620117 0.04595828 0.14306641 0.09191656
2 0.33789062 0.01531943 0.05957031 0.03063885
2 0.20971680 0.65319426 0.10498047 0.12516297
2 0.73095703 0.04823990 0.10546875 0.09647979
