2 0.31689453 0.81649283 0.12402344 0.16623207
2 0.45117188 0.96056063 0.12500000 0.07757497
2 0.32763672 0.92535854 0.12011719 0.12059974
2 0.53491211 0.02086050 0.09619141 0.04172099
2 0.59350586 0.95371578 0.07080078 0.09126467
2 0.26171875 0.97001304 0.10937500 0.05867014
2 0.43627930 0.87646675 0.12255859 0.17666232
2 0.62597656 0.01303781 0.06933594 0.02607562
2 0.40185547 0.74869622 0.11425781 0.14146023
2 0.51708984 0.84419817 0.10156250 0.15514993
0 0.19140625 0.60528031 0.13183594 0.34745763
0 0.34008789 0.99348110 0.11279297 0.01173403
0 0.73950195 0.81486310 0.26904297 0.36897001
