1 0.44897461 0.45371578 0.64697266 0.81747066
2 0.50634766 0.05378096 0.10937500 0.10756193
2 0.19824219 0.60234681 0.11425781 0.16166884
2 0.31274414 0.84028683 0.13037109 0.15775750
2 0.21801758 0.37385919 0.08447266 0.10365059
2 0.25244141 0.95436767 0.12597656 0.08996089
2 0.61328125 0.02737940 0.09960938 0.05475880
2 0.15112305 0.02803129 0.05126953 0.05606258
2 0.15991211 0.93970013 0.06884766 0.11929596
2 0.13696289 0.28422425 0.02294922 0.07953064
2 0.61523438 0.11310300 0.09472656 0.14015645
2 0.16162109 0.80899609 0.07226562 0.14080834
