2 0.26293945 0.25554107 0.12451172 0.16558018
2 0.13720703 0.43481095 0.09375000 0.16688396
2 0.18164062 0.27020860 0.08984375 0.16101695
2 0.89868164 0.54465450 0.11083984 0.14146023
2 0.05981445 0.06225554 0.11962891 0.12451108
2 0.14306641 0.62483703 0.10253906 0.09452412
2 0.12768555 0.17992177 0.08349609 0.14993481
2 0.06616211 0.63461538 0.03955078 0.04106910
2 0.21850586 0.41492829 0.13330078 0.16362451
2 0.90869141 0.67829205 0.10742188 0.12581486
2 0.31372070 0.36929596 0.10595703 0.15319426
2 0.95214844 0.36440678 0.09472656 0.14341591
2 0.24218750 0.52281617 0.11621094 0.13559322
0 0.42138672 0.08800522 0.26074219 0.17601043
0 0.06738281 0.28389831 0.13476562 0.40221643
0 0.24536133 0.81942634 0.31201172 0.35984355
