2 0.85009766 0.29954368 0.11621094 0.10104302
2 0.79638672 0.57301173 0.11132812 0.14863103
2 0.62109375 0.76238592 0.11035156 0.18057366
2 0.63305664 0.49771838 0.09814453 0.14146023
2 0.28588867 0.74348110 0.11865234 0.14797914
2 0.80419922 0.41264668 0.10449219 0.13428944
2 0.49389648 0.94589309 0.04443359 0.10691004
2 0.66967773 0.63526728 0.10986328 0.14406780
2 0.76831055 0.71740548 0.14990234 0.14797914
2 0.96240234 0.25749674 0.07421875 0.09908735
2 0.16455078 0.88005215 0.11816406 0.14993481
2 0.08691406 0.30117340 0.07714844 0.14993481
2 0.70581055 0.40058670 0.11279297 0.14015645
2 0.71630859 0.85691004 0.13378906 0.16883963
2 0.14721680 0.67926988 0.11376953 0.15775750
2 0.93310547 0.64146023 0.07324219 0.14341591
3 0.30859375 0.42438070 0.29785156 0.38005215
3 0.55615234 0.14048240 0.27343750 0.27249022
3 0.02465820 0.32659713 0.04931641 0.32855280
