2 0.14941406 0.70013038 0.11621094 0.10039113
2 0.20312500 0.42633638 0.11132812 0.14863103
2 0.37841797 0.23728814 0.11035156 0.18122555
2 0.36669922 0.50195567 0.09863281 0.14080834
2 0.71362305 0.25586701 0.11865234 0.14797914
2 0.19531250 0.58702738 0.10449219 0.13363755
2 0.50561523 0.05345502 0.04443359 0.10691004
2 0.32983398 0.36408083 0.10986328 0.14406780
2 0.23120117 0.28194263 0.14990234 0.14797914
2 0.03710938 0.74185137 0.07421875 0.09908735
2 0.83544922 0.11962190 0.11914062 0.15058670
2 0.91308594 0.69882660 0.07617188 0.14993481
2 0.29394531 0.59876141 0.11230469 0.14015645
2 0.28320312 0.14276402 0.13378906 0.16818774
2 0.85229492 0.32007823 0.11376953 0.15775750
2 0.06640625 0.35853977 0.07324219 0.14341591
3 0.69136341 0.57556864 0.29791174 0.37980749
3 0.44378698 0.85942608 0.27366864 0.27274501
3 0.97522189 0.67348048 0.04955621 0.32876141
