1 0.55639648 0.40580183 0.63623047 0.80312907
2 0.80346680 0.60039113 0.11376953 0.16036506
2 0.35327148 0.87288136 0.11865234 0.17079531
2 0.78027344 0.37092568 0.08398438 0.12125163
2 0.46997070 0.87581486 0.10888672 0.16883963
2 0.32348633 0.02509778 0.04833984 0.05019557
2 0.28344727 0.06486310 0.12548828 0.12972621
2 0.46093750 0.04106910 0.11230469 0.08213820
2 0.29003906 0.20013038 0.08984375 0.13168188
2 0.84838867 0.02835724 0.05126953 0.05671447
2 0.24707031 0.91818774 0.10937500 0.16232073
2 0.86303711 0.29726206 0.02197266 0.04693611
2 0.46093750 0.98044329 0.11035156 0.03780965
2 0.19628906 0.18807040 0.10449219 0.14015645
