1 0.42948718 0.42478058 0.60157791 0.84956116
2 0.57470703 0.09485007 0.12011719 0.15189048
2 0.77832031 0.69491525 0.12890625 0.15906128
2 0.40307617 0.12516297 0.09130859 0.11212516
2 0.78076172 0.53976532 0.12695312 0.14602347
2 0.14257812 0.73533246 0.03906250 0.06388527
2 0.16284180 0.78846154 0.11767578 0.16753585
2 0.13549805 0.55182529 0.10205078 0.14928292
2 0.27490234 0.77998696 0.09863281 0.11929596
2 0.10522461 0.03520209 0.12451172 0.07040417
2 0.05371094 0.89471969 0.10742188 0.16883963
2 0.94482422 0.74608866 0.10937500 0.14276402
2 0.02563477 0.04432855 0.05126953 0.08865711
2 0.81542969 0.83702738 0.12500000 0.14602347
2 0.34790039 0.01466754 0.03466797 0.02933507
2 0.90576172 0.55638853 0.12304688 0.16362451
2 0.95556641 0.25358540 0.08789062 0.14341591
2 0.26562500 0.90514993 0.10449219 0.14015645
