2 0.85058594 0.70045632 0.11621094 0.10104302
2 0.79687500 0.42698827 0.11132812 0.14863103
2 0.62158203 0.23794003 0.11035156 0.18122555
2 0.63330078 0.50228162 0.09863281 0.14146023
2 0.28637695 0.25651890 0.11865234 0.14797914
2 0.80468750 0.58767927 0.10449219 0.13363755
2 0.49438477 0.05378096 0.04443359 0.10625815
2 0.67016602 0.36473272 0.10986328 0.14406780
2 0.76879883 0.28259452 0.14990234 0.14797914
2 0.96264648 0.74250326 0.07373047 0.09908735
2 0.16479492 0.12027379 0.11865234 0.15058670
2 0.08715820 0.69915254 0.07666016 0.15058670
2 0.70629883 0.59941330 0.11279297 0.14015645
2 0.71679688 0.14341591 0.13378906 0.16818774
2 0.14770508 0.32073012 0.11376953 0.15775750
2 0.93359375 0.35886571 0.07324219 0.14406780
3 0.30859375 0.57561930 0.29785156 0.38005215
3 0.55615234 0.85951760 0.27343750 0.27249022
3 0.02465820 0.67340287 0.04931641 0.32855280
