2 0.18774414 0.52966102 0.08349609 0.13754889
2 0.20922852 0.31192960 0.08544922 0.13885267
2 0.27856445 0.58474576 0.11376953 0.14863103
2 0.31030273 0.32203390 0.13330078 0.15384615
2 0.47265625 0.58050847 0.10742188 0.15319426
2 0.24389648 0.44002608 0.11572266 0.14211213
2 0.10498047 0.51499348 0.12890625 0.16818774
2 0.87890625 0.34973924 0.14843750 0.14537158
2 0.04614258 0.44100391 0.09130859 0.22229465
2 0.12866211 0.33572360 0.14501953 0.18774446
2 0.93237305 0.36897001 0.04248047 0.04693611
2 0.05419922 0.23402868 0.10742188 0.18774446
2 0.36035156 0.47718383 0.12109375 0.14080834
2 0.04809570 0.63559322 0.09521484 0.14341591
0 0.52294922 0.89863103 0.25488281 0.20143416
0 0.50097656 0.31910039 0.24316406 0.32920469
0 0.75561523 0.18057366 0.31298828 0.35984355
