2 0.52221680 0.91688396 0.10302734 0.11147327
2 0.35913086 0.88820078 0.10400391 0.11408083
2 0.56347656 0.79563233 0.11132812 0.15189048
2 0.36694336 0.75325945 0.11474609 0.17796610
2 0.56030273 0.53683181 0.11474609 0.14276402
2 0.45507812 0.84224250 0.10644531 0.15514993
2 0.51171875 0.97001304 0.12304688 0.05867014
2 0.38867188 0.04661017 0.10546875 0.09322034
2 0.37646484 0.94947849 0.14160156 0.09973924
2 0.48291016 0.68709257 0.10546875 0.16036506
0 0.79858398 0.46936115 0.15087891 0.34028683
0 0.36450195 0.49869622 0.24658203 0.32464146
0 0.26098633 0.18383312 0.27001953 0.36766623
