1 0.44360352 0.59419817 0.63623047 0.80312907
2 0.19677734 0.39993481 0.11425781 0.15971317
2 0.64672852 0.12777053 0.11865234 0.17209909
2 0.21997070 0.62907432 0.08447266 0.12125163
2 0.53027344 0.12451108 0.10937500 0.16949153
2 0.67651367 0.97490222 0.04833984 0.04889179
2 0.71655273 0.93513690 0.12548828 0.12842243
2 0.53930664 0.95860495 0.11181641 0.08148631
2 0.70996094 0.79986962 0.08984375 0.13168188
2 0.15161133 0.97164276 0.05126953 0.05541069
2 0.75292969 0.08148631 0.10937500 0.16297262
2 0.13696289 0.70273794 0.02197266 0.04693611
2 0.53930664 0.01988266 0.11083984 0.03976532
2 0.80395508 0.81225554 0.10498047 0.13950456
