2 0.81225586 0.47033898 0.08349609 0.13754889
2 0.79077148 0.68807040 0.08544922 0.13885267
2 0.72143555 0.41525424 0.11376953 0.14863103
2 0.68969727 0.67796610 0.13330078 0.15384615
2 0.52734375 0.41949153 0.10742188 0.15319426
2 0.75634766 0.56029987 0.11621094 0.14146023
2 0.89526367 0.48500652 0.12841797 0.16818774
2 0.12109375 0.65026076 0.14843750 0.14537158
2 0.95385742 0.55867014 0.09130859 0.22294654
2 0.87133789 0.66492829 0.14501953 0.18904824
2 0.06738281 0.63168188 0.04199219 0.04563233
2 0.94555664 0.76629726 0.10791016 0.18709257
2 0.63964844 0.52281617 0.12109375 0.14080834
2 0.95190430 0.36440678 0.09521484 0.14341591
0 0.47705078 0.10104302 0.25488281 0.20208605
0 0.49902344 0.68089961 0.24316406 0.32920469
0 0.24414062 0.81942634 0.31250000 0.35984355
