2 0.59936523 0.36114733 0.11669922 0.14863103
2 0.52563477 0.06062581 0.11767578 0.12125163
2 0.49609375 0.44035202 0.12109375 0.15971317
2 0.45336914 0.28520209 0.11083984 0.14406780
2 0.95532227 0.25228162 0.08837891 0.14341591
2 0.65625000 0.18057366 0.12402344 0.14863103
2 0.35742188 0.10853977 0.12597656 0.17926988
2 0.24877930 0.94882660 0.11083984 0.10104302
2 0.02246094 0.00782269 0.04492188 0.01564537
2 0.29663086 0.02118644 0.07861328 0.04237288
2 0.58740234 0.53129074 0.11132812 0.14211213
2 0.42456055 0.02672751 0.09326172 0.05345502
2 0.58911133 0.00554107 0.03564453 0.01108214
2 0.09765625 0.01368970 0.10546875 0.02737940
2 0.50341797 0.18513690 0.09472656 0.13820078
