2 0.39599609 0.63331160 0.11132812 0.15580183
2 0.17089844 0.53487614 0.09082031 0.15710561
2 0.45507812 0.49543677 0.11914062 0.16166884
2 0.33911133 0.43839635 0.10791016 0.14797914
2 0.26074219 0.70925684 0.11132812 0.16558018
2 0.20654297 0.31029987 0.13476562 0.16818774
2 0.83666992 0.16525424 0.07470703 0.14797914
2 0.14135742 0.22913950 0.03173828 0.10495437
2 0.52368164 0.61734029 0.10595703 0.14863103
2 0.14550781 0.39993481 0.04003906 0.12451108
2 0.12963867 0.61962190 0.00830078 0.04758801
2 0.13378906 0.01694915 0.01660156 0.03389831
2 0.26416016 0.50554107 0.10351562 0.12581486
