2 0.42285156 0.02868318 0.08203125 0.05606258
2 0.31005859 0.50488918 0.11523438 0.14406780
2 0.74633789 0.32790091 0.11181641 0.15906128
2 0.49145508 0.35691004 0.12841797 0.16362451
2 0.49877930 0.51857888 0.11083984 0.15319426
2 0.37719727 0.19654498 0.11083984 0.14928292
2 0.03295898 0.73468057 0.06494141 0.11212516
2 0.37280273 0.41949153 0.10888672 0.15189048
2 0.26611328 0.46316819 0.10156250 0.13624511
2 0.03247070 0.71707953 0.06396484 0.14602347
2 0.36328125 0.28031291 0.03515625 0.05084746
2 0.14697266 0.74282920 0.10546875 0.13363755
2 0.37451172 0.58930900 0.08691406 0.13559322
2 0.03295898 0.70827901 0.06494141 0.16492829
2 0.93432617 0.69947849 0.11767578 0.14993481
2 0.08105469 0.67405476 0.05175781 0.08344198
2 0.85693359 0.32268579 0.11132812 0.15384615
2 0.05224609 0.36114733 0.10351562 0.14602347
2 0.28588867 0.65058670 0.11279297 0.16297262
2 0.87646484 0.17177314 0.12109375 0.14667536
3 0.60180664 0.15449804 0.28662109 0.28487614
3 0.69824219 0.58246415 0.29931641 0.38396349
3 0.45117188 0.86962190 0.27148438 0.26075619
