2 0.39599609 0.36766623 0.11132812 0.15514993
2 0.17089844 0.46577575 0.09082031 0.15710561
2 0.45532227 0.50521512 0.11962891 0.16166884
2 0.33911133 0.56225554 0.10791016 0.14797914
2 0.26074219 0.29139505 0.11132812 0.16558018
2 0.20678711 0.69035202 0.13427734 0.16818774
2 0.83618164 0.83539765 0.07568359 0.14797914
2 0.14135742 0.77151239 0.03173828 0.10495437
2 0.52368164 0.38331160 0.10595703 0.14863103
2 0.14550781 0.60104302 0.04003906 0.12385919
2 0.12963867 0.38102999 0.00830078 0.04758801
2 0.13354492 0.98305085 0.01611328 0.03259452
2 0.26416016 0.49543677 0.10351562 0.12646675
