2 0.85327148 0.39634941 0.04248047 0.11082138
2 0.49658203 0.24674055 0.10839844 0.15319426
2 0.62890625 0.82887875 0.11914062 0.14928292
2 0.60717773 0.48891786 0.12255859 0.17079531
2 0.48583984 0.49869622 0.11425781 0.14732725
2 0.72729492 0.33604954 0.11181641 0.14797914
2 0.56054688 0.33018253 0.11425781 0.14537158
2 0.52758789 0.18807040 0.10205078 0.13624511
2 0.66455078 0.31747066 0.03808594 0.04693611
2 0.31835938 0.04954368 0.10058594 0.09908735
2 0.43286133 0.33246415 0.10107422 0.11603651
2 0.35083008 0.99967405 0.11328125 0.00065189
2 0.63305664 0.95078227 0.11572266 0.09713168
2 0.38720703 0.21479791 0.12207031 0.15189048
2 0.74511719 0.96088657 0.10742188 0.07692308
3 0.75878906 0.63591917 0.21337891 0.38265971
3 0.43823242 0.76466754 0.28759766 0.39960887
3 0.22314453 0.43481095 0.19531250 0.36245111
