2 0.42236328 0.02803129 0.08203125 0.05606258
2 0.30957031 0.50423729 0.11523438 0.14406780
2 0.74584961 0.32724902 0.11181641 0.15906128
2 0.49096680 0.35625815 0.12841797 0.16362451
2 0.49829102 0.51792699 0.11083984 0.15319426
2 0.37670898 0.19589309 0.11083984 0.14928292
2 0.03247070 0.73402868 0.06494141 0.11212516
2 0.37231445 0.41883963 0.10888672 0.15189048
2 0.26562500 0.46251630 0.10156250 0.13624511
2 0.03198242 0.71642764 0.06396484 0.14602347
2 0.36279297 0.27966102 0.03515625 0.05084746
2 0.14648438 0.74217731 0.10546875 0.13363755
2 0.37402344 0.58865711 0.08691406 0.13559322
2 0.03247070 0.70762712 0.06494141 0.16492829
2 0.93383789 0.69882660 0.11767578 0.14993481
2 0.08056641 0.67340287 0.05175781 0.08344198
2 0.85644531 0.32203390 0.11132812 0.15384615
2 0.05175781 0.36049544 0.10351562 0.14602347
2 0.28540039 0.64993481 0.11279297 0.16297262
2 0.87597656 0.17112125 0.12109375 0.14667536
3 0.60185404 0.15453389 0.28654832 0.28493050
3 0.69820020 0.58253366 0.29926036 0.38385945
3 0.45117188 0.86962190 0.27148438 0.26075619
