2 0.74731445 0.21414602 0.10986328 0.15449804
0 0.45507812 0.09647979 0.25390625 0.19295958
0 0.64550781 0.39243807 0.25000000 0.32464146
2 0.71745562 0.04120421 0.11094675 0.08240842
2 0.49083580 0.26425927 0.10396203 0.14559391
2 0.60281065 0.17427031 0.11341223 0.12361263
2 0.85244083 0.16521842 0.09738659 0.15488280
2 0.84812623 0.33257308 0.12573964 0.15384924
2 0.93030819 0.54080608 0.12245316 0.17203202
2 0.78361193 0.61103888 0.14957347 0.18083704
2 0.45529339 0.37591683 0.12902613 0.14179212
2 0.12286243 0.64643013 0.16929734 0.16274313
2 0.42344675 0.73394711 0.12697239 0.16332575
2 0.54610454 0.66288812 0.11834320 0.12982717
2 0.53500986 0.80774801 0.10108481 0.15621919
