2 0.42041016 0.97262060 0.07714844 0.05345502
2 0.31445312 0.48337679 0.11718750 0.14276402
2 0.84082031 0.89993481 0.11914062 0.17014342
2 0.36547852 0.39406780 0.08447266 0.13102999
2 0.50781250 0.44817471 0.11132812 0.16101695
2 0.39575195 0.82464146 0.10986328 0.15645372
2 0.39624023 0.54204694 0.10888672 0.14276402
2 0.28613281 0.55084746 0.10937500 0.12516297
2 0.27075195 0.35430248 0.11572266 0.16623207
2 0.92456055 0.63265971 0.11767578 0.14667536
2 0.51977539 0.60723598 0.12939453 0.16362451
2 0.96826172 0.25521512 0.06347656 0.13885267
2 0.81665039 0.57855280 0.12841797 0.15971317
2 0.94995117 0.94132986 0.09912109 0.11603651
2 0.94018555 0.80149935 0.11865234 0.16623207
3 0.59912109 0.85136897 0.28857422 0.29726206
