1 0.57641602 0.77086050 0.55419922 0.45827901
2 0.26879883 0.27411995 0.12646484 0.17535854
2 0.36816406 0.19654498 0.09863281 0.12711864
2 0.14135742 0.74413299 0.03076172 0.10495437
2 0.15600586 0.97457627 0.06005859 0.04954368
2 0.83642578 0.83474576 0.07519531 0.14797914
2 0.59643555 0.36179922 0.10986328 0.13820078
2 0.49072266 0.45893090 0.11816406 0.16036506
2 0.37817383 0.32920469 0.10107422 0.14211213
2 0.47485352 0.23044329 0.11279297 0.14537158
2 0.14306641 0.00912647 0.03417969 0.01825293
2 0.16796875 0.22392438 0.08398438 0.14015645
2 0.34863281 0.04954368 0.13671875 0.09908735
