2 0.41992188 0.97229465 0.07714844 0.05410691
2 0.31396484 0.48272490 0.11718750 0.14276402
2 0.84033203 0.89928292 0.11914062 0.17014342
2 0.36499023 0.39341591 0.08447266 0.13102999
2 0.50732422 0.44752282 0.11132812 0.16101695
2 0.39550781 0.82431551 0.11035156 0.15580183
2 0.39575195 0.54139505 0.10888672 0.14276402
2 0.28564453 0.55019557 0.10937500 0.12516297
2 0.27026367 0.35365059 0.11572266 0.16623207
2 0.92407227 0.63200782 0.11767578 0.14667536
2 0.51928711 0.60658409 0.12939453 0.16362451
2 0.96801758 0.25488918 0.06298828 0.13820078
2 0.81616211 0.57790091 0.12841797 0.15971317
2 0.94970703 0.94100391 0.09960938 0.11668840
2 0.93994141 0.80084746 0.11914062 0.16623207
3 0.59912109 0.85136897 0.28857422 0.29726206
