1 0.24124753 0.60203308 0.45438856 0.73995099
2 0.66870117 0.19067797 0.13134766 0.16883963
2 0.72680664 0.32398957 0.09521484 0.13037810
2 0.95581055 0.25228162 0.08740234 0.14341591
2 0.96728516 0.99413299 0.05664062 0.01043025
2 0.31665039 0.02053455 0.07861328 0.04106910
2 0.09887695 0.04106910 0.12744141 0.08213820
2 0.24877930 0.94882660 0.11083984 0.10104302
2 0.60302734 0.62809648 0.10351562 0.14667536
2 0.02270508 0.04530639 0.04541016 0.09061278
2 0.00659180 0.60756193 0.01318359 0.08083442
2 0.53027344 0.48663625 0.12011719 0.15840939
2 0.62768555 0.33670143 0.10595703 0.13494133
2 0.70141602 0.46544980 0.10888672 0.15123859
2 0.91723633 0.02966102 0.11376953 0.05932203
2 0.70629883 0.05606258 0.10498047 0.11212516
2 0.85791016 0.29726206 0.11621094 0.18252934
