2 0.25292969 0.21479791 0.10937500 0.15449804
0 0.54541016 0.09713168 0.25390625 0.19295958
0 0.35424805 0.39308996 0.25048828 0.32464146
2 0.28247070 0.04106910 0.11083984 0.08213820
2 0.50927734 0.26434159 0.10400391 0.14537158
2 0.39721680 0.17438070 0.11328125 0.12385919
2 0.14746094 0.16525424 0.09716797 0.15514993
2 0.15185547 0.33246415 0.12597656 0.15384615
2 0.06958008 0.54074316 0.12255859 0.17209909
2 0.21630859 0.61114733 0.14941406 0.18057366
2 0.54467773 0.37581486 0.12890625 0.14211213
2 0.87719727 0.64634941 0.16943359 0.16297262
2 0.57666016 0.73402868 0.12695312 0.16362451
2 0.45385742 0.66297262 0.11816406 0.12972621
2 0.46508789 0.80769231 0.10107422 0.15645372
