1 0.42358398 0.22881356 0.55419922 0.45762712
2 0.73168945 0.72555411 0.12646484 0.17601043
2 0.63232422 0.80312907 0.09863281 0.12777053
2 0.85888672 0.25521512 0.03027344 0.10495437
2 0.84423828 0.02477184 0.05957031 0.04954368
2 0.16381836 0.16460235 0.07568359 0.14797914
2 0.40429688 0.63787484 0.10937500 0.13885267
2 0.51000977 0.54074316 0.11865234 0.15971317
2 0.62231445 0.67046936 0.10107422 0.14276402
2 0.52587891 0.76890482 0.11328125 0.14537158
2 0.85717773 0.99022164 0.03369141 0.01825293
2 0.83227539 0.77542373 0.08349609 0.14015645
2 0.65185547 0.94980443 0.13671875 0.09908735
