2 0.74731445 0.78552803 0.10986328 0.15384615
0 0.45483398 0.90319426 0.25341797 0.19230769
0 0.64550781 0.60691004 0.25000000 0.32464146
2 0.71752930 0.95893090 0.11083984 0.08213820
2 0.49072266 0.73565841 0.10400391 0.14537158
2 0.60278320 0.82561930 0.11328125 0.12385919
2 0.85253906 0.83474576 0.09716797 0.15514993
2 0.84814453 0.66753585 0.12597656 0.15384615
2 0.93041992 0.45925684 0.12255859 0.17209909
2 0.78369141 0.38885267 0.14941406 0.18057366
2 0.45532227 0.62418514 0.12890625 0.14211213
2 0.12280273 0.35365059 0.16943359 0.16297262
2 0.42333984 0.26597132 0.12695312 0.16362451
2 0.54614258 0.33702738 0.11816406 0.12972621
2 0.53491211 0.19230769 0.10107422 0.15645372
