2 0.41992188 0.02737940 0.07714844 0.05475880
2 0.31396484 0.51662321 0.11718750 0.14276402
2 0.84033203 0.10006519 0.11914062 0.17014342
2 0.36523438 0.60625815 0.08398438 0.13168188
2 0.50732422 0.55215124 0.11132812 0.16166884
2 0.39526367 0.17535854 0.10986328 0.15645372
2 0.39575195 0.45827901 0.10888672 0.14341591
2 0.28564453 0.44947849 0.10937500 0.12581486
2 0.27050781 0.64569752 0.11621094 0.16623207
2 0.92407227 0.36734029 0.11767578 0.14667536
2 0.51928711 0.39276402 0.12939453 0.16362451
2 0.96801758 0.74445893 0.06298828 0.13820078
2 0.81591797 0.42177314 0.12792969 0.16036506
2 0.94970703 0.05834420 0.09960938 0.11668840
2 0.93994141 0.19850065 0.11914062 0.16623207
3 0.59911243 0.14877031 0.28846154 0.29754061
