2 0.63012695 0.48859192 0.12060547 0.15971317
2 0.56201172 0.77053455 0.12890625 0.18513690
2 0.61572266 0.27151239 0.13183594 0.17144720
2 0.52783203 0.35821382 0.12792969 0.16232073
2 0.47680664 0.62092568 0.12255859 0.18448501
2 0.64038086 0.34452412 0.09521484 0.12320730
2 0.35156250 0.63168188 0.12304688 0.16558018
2 0.40795898 0.73565841 0.12060547 0.11799218
2 0.59790039 0.62288136 0.11083984 0.16232073
2 0.42895508 0.44882660 0.12646484 0.17666232
2 0.52124023 0.66623207 0.07080078 0.08996089
2 0.50195312 0.79563233 0.08886719 0.15840939
2 0.70703125 0.38461538 0.14062500 0.17209909
2 0.51538086 0.50651890 0.08349609 0.11734029
2 0.40869141 0.56877445 0.06933594 0.09843546
