1 0.56982422 0.05052151 0.54296875 0.10104302
1 0.57177734 0.51955671 0.60400391 0.71316819
2 0.85229492 0.25130378 0.04345703 0.13233377
2 0.42846680 0.05443286 0.09423828 0.10886571
2 0.37744141 0.80573664 0.10839844 0.13820078
2 0.79785156 0.82333768 0.10839844 0.15384615
2 0.61230469 0.14211213 0.10644531 0.09517601
2 0.75634766 0.07887875 0.11816406 0.15775750
2 0.63354492 0.33767927 0.11083984 0.14732725
2 0.46289062 0.20013038 0.12207031 0.14993481
2 0.42846680 0.05443286 0.09423828 0.10886571
2 0.25048828 0.47653194 0.12109375 0.16818774
2 0.56811523 0.54856584 0.10693359 0.14537158
2 0.45874023 0.90417210 0.11669922 0.14471969
2 0.61035156 0.14178618 0.11035156 0.09582790
2 0.71069336 0.83865711 0.01708984 0.05541069
2 0.82788086 0.97881356 0.09228516 0.04106910
2 0.85742188 0.79172099 0.03417969 0.13820078
