1 0.85937500 0.47913950 0.28027344 0.22685789
1 0.77783203 0.25097784 0.44335938 0.28292047
1 0.66577148 0.63396349 0.37744141 0.73076923
1 0.30175781 0.56681877 0.41992188 0.72033898
2 0.39062500 0.00880052 0.05175781 0.01629726
2 0.29711914 0.27835724 0.11083984 0.13298566
2 0.32543945 0.07105606 0.13720703 0.14080834
2 0.68676758 0.04106910 0.11474609 0.08083442
2 0.39892578 0.02770535 0.06738281 0.05410691
2 0.41625977 0.02770535 0.03271484 0.05410691
2 0.94360352 0.98044329 0.11181641 0.03780965
2 0.79418945 0.98533246 0.08740234 0.02803129
2 0.42358398 0.22946545 0.11181641 0.16297262
2 0.07055664 0.74478488 0.12353516 0.14928292
2 0.63842773 0.53096480 0.11376953 0.14015645
2 0.05908203 0.44393742 0.10058594 0.15514993
2 0.01562500 0.42861799 0.01367188 0.03063885
2 0.95556641 0.08441982 0.08789062 0.16753585
3 0.92749023 0.74967405 0.14501953 0.34289439
3 0.22070312 0.50651890 0.28662109 0.37679270
3 0.12451172 0.15319426 0.24902344 0.30638853
