2 0.59472656 0.07301173 0.11230469 0.14602347
2 0.51147461 0.60169492 0.10791016 0.14080834
2 0.63842773 0.83311604 0.10888672 0.15123859
2 0.96386719 0.59778357 0.07128906 0.14211213
2 0.42724609 0.03911343 0.11914062 0.07822686
2 0.68188477 0.62907432 0.12451172 0.15775750
2 0.39038086 0.14113429 0.09326172 0.13494133
2 0.34643555 0.24348110 0.10498047 0.14537158
2 0.25585938 0.14406780 0.12109375 0.14993481
2 0.54223633 0.90580183 0.11279297 0.15189048
2 0.53710938 0.74934811 0.12011719 0.15449804
2 0.84033203 0.79530639 0.11230469 0.15123859
2 0.70800781 0.02281617 0.10449219 0.04563233
3 0.14238166 0.39538662 0.28476331 0.38481072
3 0.53850345 0.30022326 0.27818787 0.36893864
