1 0.10145464 0.40667680 0.19995069 0.72513880
1 0.51454635 0.40404352 0.53402367 0.80611208
2 0.31323242 0.02900913 0.09912109 0.05801825
2 0.16308594 0.59485007 0.08789062 0.12581486
2 0.72827148 0.66297262 0.10400391 0.14471969
2 0.95312500 0.16525424 0.09277344 0.15319426
2 0.74169922 0.10169492 0.11523438 0.14471969
2 0.02539062 0.47881356 0.05078125 0.12972621
2 0.23144531 0.34941330 0.07128906 0.14211213
2 0.18334961 0.15710561 0.11962891 0.15775750
2 0.37792969 0.32105606 0.11035156 0.14797914
2 0.27465820 0.54889179 0.11279297 0.16297262
2 0.16308594 0.59485007 0.08691406 0.12581486
2 0.48193359 0.83246415 0.12597656 0.16166884
2 0.53564453 0.40840939 0.10937500 0.14276402
2 0.80249023 0.55378096 0.10791016 0.15580183
2 0.23120117 0.35202086 0.07177734 0.14732725
2 0.75292969 0.21805737 0.04101562 0.02281617
2 0.89819336 0.06355932 0.11181641 0.12711864
2 0.71875000 0.02281617 0.10253906 0.04563233
