1 0.34442801 0.26991095 0.51577909 0.49242290
0 0.14566815 0.60227995 0.27161489 0.40031414
0 0.84339990 0.48814711 0.26668393 0.34320823
3 0.86674063 0.12242766 0.26651874 0.24485531
3 0.84497070 0.82692308 0.31005859 0.34615385
1 0.40356445 0.81029987 0.55126953 0.37940026
2 0.22900391 0.08670143 0.10644531 0.13559322
2 0.69604492 0.04921773 0.10498047 0.09843546
2 0.71166992 0.12353325 0.03857422 0.05671447
2 0.56298828 0.01988266 0.10546875 0.03976532
2 0.64013672 0.49250326 0.12011719 0.15189048
2 0.94750977 0.34941330 0.10400391 0.13298566
2 0.66796875 0.35202086 0.12988281 0.14471969
2 0.70385742 0.20632334 0.11376953 0.15971317
2 0.28881836 0.02183833 0.10986328 0.04367666
2 0.97656250 0.50097784 0.04589844 0.15710561
2 0.17675781 0.03552803 0.10351562 0.07105606
2 0.06494141 0.04595828 0.12500000 0.09191656
