1 0.56982422 0.94915254 0.54296875 0.10169492
1 0.57177734 0.48044329 0.60400391 0.71316819
2 0.85229492 0.74934811 0.04345703 0.13233377
2 0.42846680 0.94524120 0.09423828 0.10821382
2 0.37744141 0.19524120 0.10839844 0.13885267
2 0.79809570 0.17764016 0.10791016 0.15319426
2 0.61230469 0.85886571 0.10644531 0.09582790
2 0.75634766 0.92112125 0.11816406 0.15645372
2 0.63354492 0.66329857 0.11083984 0.14667536
2 0.46289062 0.80084746 0.12207031 0.15058670
2 0.42822266 0.94556714 0.09375000 0.10756193
2 0.25048828 0.52411995 0.12109375 0.16818774
2 0.56811523 0.45241199 0.10693359 0.14602347
2 0.45874023 0.09647979 0.11669922 0.14471969
2 0.61035156 0.85886571 0.11035156 0.09582790
2 0.71069336 0.16199478 0.01708984 0.05541069
2 0.82763672 0.02151239 0.09277344 0.04302477
2 0.85693359 0.20827901 0.03417969 0.13754889
