1 0.32739258 0.31812256 0.36865234 0.63624511
0 0.57666016 0.10397653 0.29980469 0.20795306
0 0.49121094 0.89015645 0.25683594 0.21968709
3 0.21728516 0.90580183 0.18359375 0.18839635
3 0.74487305 0.87679270 0.25927734 0.24641460
1 0.73242188 0.37125163 0.28417969 0.73598435
2 0.19091797 0.13820078 0.10156250 0.14211213
2 0.16284180 0.76173403 0.07373047 0.14015645
2 0.21826172 0.78259452 0.04199219 0.05149935
2 0.14086914 0.58409387 0.02978516 0.14080834
2 0.49487305 0.68741851 0.11376953 0.15971317
2 0.38964844 0.72425033 0.10839844 0.17340287
2 0.28051758 0.77249022 0.11962891 0.15123859
2 0.14233398 0.21805737 0.03271484 0.14667536
2 0.15258789 0.06877445 0.05322266 0.13754889
2 0.14843750 0.00130378 0.02441406 0.00260756
