1 0.34448242 0.26988266 0.51562500 0.49217731
0 0.14575195 0.60234681 0.27148438 0.40026076
0 0.84350586 0.48826597 0.26660156 0.34289439
3 0.86669922 0.12255541 0.26660156 0.24511082
3 0.84497070 0.82692308 0.31005859 0.34615385
1 0.40356445 0.81029987 0.55126953 0.37940026
2 0.22900391 0.08670143 0.10644531 0.13559322
2 0.69604492 0.04921773 0.10498047 0.09843546
2 0.71166992 0.12353325 0.03857422 0.05671447
2 0.56298828 0.01988266 0.10546875 0.03976532
2 0.64013672 0.49250326 0.12011719 0.15189048
2 0.94750977 0.34941330 0.10400391 0.13298566
2 0.66796875 0.35202086 0.12988281 0.14471969
2 0.70385742 0.20632334 0.11376953 0.15971317
2 0.28881836 0.02183833 0.10986328 0.04367666
2 0.97656250 0.50097784 0.04589844 0.15710561
2 0.17675781 0.03552803 0.10351562 0.07105606
2 0.06494141 0.04595828 0.12500000 0.09191656
