2 0.62963867 0.51205997 0.12060547 0.15971317
2 0.56152344 0.22979140 0.12890625 0.18578879
2 0.61523438 0.72848761 0.13183594 0.17144720
2 0.52734375 0.64178618 0.12792969 0.16232073
2 0.47631836 0.37907432 0.12255859 0.18448501
2 0.63989258 0.65580183 0.09521484 0.12385919
2 0.35107422 0.36864407 0.12304688 0.16623207
2 0.40698242 0.26434159 0.11962891 0.11799218
2 0.59716797 0.37711864 0.11132812 0.16232073
2 0.42846680 0.55117340 0.12646484 0.17666232
2 0.52075195 0.33409387 0.07080078 0.08930900
2 0.50146484 0.20469361 0.08886719 0.15906128
2 0.70654297 0.61538462 0.14062500 0.17209909
2 0.51489258 0.49380704 0.08349609 0.11668840
2 0.40820312 0.43122555 0.06933594 0.09843546
