1 0.14038086 0.52086050 0.28076172 0.22685789
1 0.22192383 0.74934811 0.44384766 0.28226858
1 0.33422852 0.36571056 0.37744141 0.73142112
1 0.69824219 0.43318123 0.41992188 0.72033898
2 0.60937500 0.99152542 0.05175781 0.01564537
2 0.70288086 0.72164276 0.11083984 0.13298566
2 0.67504883 0.92894394 0.13623047 0.14080834
2 0.31323242 0.95925684 0.11474609 0.08018253
2 0.60107422 0.97229465 0.06738281 0.05410691
2 0.58374023 0.97229465 0.03271484 0.05410691
2 0.05615234 0.01923077 0.11230469 0.03846154
2 0.20581055 0.01434159 0.08740234 0.02868318
2 0.57666016 0.77053455 0.11132812 0.16297262
2 0.92944336 0.25554107 0.12451172 0.14993481
2 0.36157227 0.46968709 0.11376953 0.14146023
2 0.94091797 0.55606258 0.10058594 0.15514993
2 0.98437500 0.57138201 0.01367188 0.03063885
2 0.04418945 0.91558018 0.08837891 0.16753585
3 0.07250977 0.25032595 0.14501953 0.34289439
3 0.77929688 0.49348110 0.28662109 0.37679270
3 0.87548828 0.84680574 0.24902344 0.30638853
