1 0.14038086 0.47848761 0.28076172 0.22685789
1 0.22192383 0.25032595 0.44384766 0.28292047
1 0.33398438 0.63363755 0.37695312 0.73142112
1 0.69824219 0.56616688 0.41992188 0.72033898
2 0.60937500 0.00814863 0.05175781 0.01629726
2 0.70288086 0.27803129 0.11083984 0.13233377
2 0.67456055 0.07040417 0.13720703 0.14080834
2 0.31323242 0.04041721 0.11474609 0.08083442
2 0.60107422 0.02705346 0.06738281 0.05410691
2 0.58398438 0.02705346 0.03222656 0.05410691
2 0.05615234 0.98011734 0.11230469 0.03846154
2 0.20581055 0.98500652 0.08740234 0.02868318
2 0.57641602 0.22881356 0.11083984 0.16297262
2 0.92944336 0.74380704 0.12451172 0.14993481
2 0.36181641 0.52966102 0.11328125 0.14146023
2 0.94091797 0.44328553 0.10058594 0.15514993
2 0.98437500 0.42829205 0.01367188 0.02998696
2 0.04418945 0.08376793 0.08837891 0.16753585
3 0.07252712 0.74960195 0.14505178 0.34275728
3 0.77929734 0.50653068 0.28640779 0.37668706
3 0.87536982 0.15316130 0.24926036 0.30632259
