2 0.50878906 0.67372881 0.12011719 0.16101695
2 0.29760742 0.58279009 0.13916016 0.17209909
2 0.67114258 0.65482399 0.12841797 0.17666232
2 0.60644531 0.53748370 0.12109375 0.17014342
2 0.40942383 0.46903520 0.13818359 0.16362451
2 0.61669922 0.68741851 0.09277344 0.12711864
2 0.40161133 0.30215124 0.12451172 0.16492829
2 0.32348633 0.37711864 0.08837891 0.16101695
2 0.40795898 0.63037810 0.12158203 0.14863103
2 0.53833008 0.40514993 0.13232422 0.16883963
2 0.37548828 0.52835724 0.06738281 0.09452412
2 0.27880859 0.50260756 0.11914062 0.11864407
2 0.58642578 0.77607562 0.12890625 0.18709257
2 0.49511719 0.52053455 0.08789062 0.11147327
2 0.44848633 0.37809648 0.07373047 0.09256845
