2 0.40502930 0.92633638 0.11181641 0.14602347
2 0.48852539 0.39830508 0.10791016 0.14080834
2 0.36157227 0.16753585 0.10888672 0.15123859
2 0.03588867 0.40221643 0.07080078 0.14211213
2 0.57275391 0.96056063 0.11914062 0.07757497
2 0.31811523 0.37125163 0.12451172 0.15710561
2 0.60937500 0.85919166 0.09375000 0.13559322
2 0.65356445 0.75651890 0.10498047 0.14537158
2 0.74414062 0.85625815 0.12109375 0.14928292
2 0.45751953 0.09452412 0.11230469 0.15254237
2 0.46289062 0.25065189 0.12011719 0.15449804
2 0.15966797 0.20501956 0.11230469 0.15189048
2 0.29199219 0.97685789 0.10449219 0.04498044
3 0.85766602 0.60462842 0.28466797 0.38461538
3 0.46142578 0.69980443 0.27832031 0.36897001
