2 0.80786133 0.38983051 0.13037109 0.14732725
2 0.61401367 0.03878748 0.12353516 0.07627119
2 0.39941406 0.89243807 0.10253906 0.11994785
2 0.43652344 0.37809648 0.11523438 0.14602347
2 0.77709961 0.16916558 0.12646484 0.14537158
2 0.28173828 0.81029987 0.07324219 0.14471969
2 0.44555664 0.71219035 0.10205078 0.14276402
2 0.96069336 0.55117340 0.07763672 0.13885267
2 0.58789062 0.41590613 0.12207031 0.17079531
2 0.33642578 0.69295958 0.09667969 0.13168188
2 0.37207031 0.80964798 0.12988281 0.15645372
2 0.37915039 0.03943937 0.11474609 0.07757497
2 0.88159180 0.68155150 0.08935547 0.14276402
2 0.49414062 0.54791395 0.10644531 0.14537158
2 0.86108398 0.52900913 0.13330078 0.16492829
2 0.92822266 0.01238592 0.07714844 0.02346806
0 0.24389648 0.32170795 0.27001953 0.33702738
0 0.14721680 0.69002608 0.29345703 0.39700130
0 0.69946289 0.66590613 0.28564453 0.34615385
