2 0.64648438 0.50162973 0.10351562 0.12711864
2 0.42529297 0.04530639 0.12109375 0.08930900
2 0.45434570 0.14863103 0.11181641 0.15645372
2 0.33984375 0.22946545 0.12109375 0.15775750
2 0.01489258 0.40417210 0.02880859 0.10821382
2 0.61254883 0.70925684 0.13818359 0.14602347
2 0.35400391 0.59843546 0.10546875 0.13950456
2 0.67041016 0.37255541 0.10058594 0.14146023
2 0.93603516 0.95306389 0.12304688 0.09256845
2 0.63134766 0.23924381 0.11035156 0.15514993
2 0.04052734 0.26466754 0.08007812 0.16166884
2 0.16796875 0.64243807 0.11718750 0.12842243
0 0.94311523 0.66166884 0.11376953 0.34419817
0 0.20507812 0.43709257 0.25830078 0.36049544
3 0.13574219 0.85136897 0.27148438 0.29726206
3 0.14013672 0.14178618 0.28027344 0.28357236
1 0.76977539 0.28259452 0.46044922 0.56518905
