1 0.40380859 0.57040417 0.54882812 0.84876141
2 0.36157227 0.96642764 0.11181641 0.06584094
2 0.37036133 0.59093872 0.10693359 0.14667536
2 0.16772461 0.23239896 0.08349609 0.15319426
2 0.26000977 0.50130378 0.13330078 0.16427640
2 0.27392578 0.82855280 0.11816406 0.16558018
2 0.17431641 0.73631030 0.09667969 0.14667536
2 0.76098633 0.20762712 0.11279297 0.15319426
2 0.19824219 0.92112125 0.10839844 0.14732725
2 0.14624023 0.09582790 0.04052734 0.12255541
2 0.15039062 0.49282920 0.04882812 0.16818774
2 0.14721680 0.02053455 0.04248047 0.04106910
2 0.29467773 0.65547588 0.10400391 0.12972621
0 0.74365234 0.03389831 0.19921875 0.06779661
0 0.54150391 0.79237288 0.25585938 0.37874837
1 0.38012695 0.18513690 0.48876953 0.37027379
1 0.38989258 0.51043025 0.52880859 0.70795306
1 0.69433594 0.64895698 0.36035156 0.70208605
