1 0.10194773 0.40700596 0.20093688 0.70736418
1 0.59356509 0.47695239 0.80843195 0.73007620
2 0.16430664 0.59550196 0.08740234 0.12451108
2 0.52587891 0.03357236 0.09277344 0.06714472
2 0.44409180 0.16525424 0.12255859 0.17275098
2 0.31323242 0.02933507 0.09912109 0.05867014
2 0.49804688 0.40156454 0.10546875 0.15384615
2 0.55493164 0.23435463 0.10595703 0.15840939
2 0.69726562 0.07398957 0.10156250 0.14146023
2 0.02612305 0.48011734 0.05224609 0.13233377
2 0.37963867 0.31290743 0.10986328 0.14732725
2 0.02612305 0.48011734 0.05224609 0.13102999
2 0.18334961 0.15710561 0.11962891 0.15906128
2 0.23461914 0.32594524 0.07763672 0.14732725
2 0.66162109 0.00488918 0.04492188 0.00977836
2 0.79272461 0.56062581 0.10888672 0.15254237
2 0.71752930 0.66264668 0.11767578 0.15449804
2 0.27880859 0.55247718 0.12597656 0.15710561
2 0.26098633 0.41655802 0.02392578 0.03650587
