2 0.16137695 0.91655802 0.07177734 0.16688396
2 0.16455078 0.71642764 0.07812500 0.19165580
2 0.26074219 0.95632334 0.12207031 0.08735332
2 0.27563477 0.86408083 0.11230469 0.13624511
2 0.36914062 0.93970013 0.10253906 0.12059974
2 0.62182617 0.90775750 0.16357422 0.18448501
2 0.29687500 0.68448501 0.14208984 0.14993481
2 0.26416016 0.38037810 0.15820312 0.18187744
2 0.21606445 0.03650587 0.11376953 0.07301173
2 0.32031250 0.05280313 0.12500000 0.10560626
2 0.46459961 0.07594524 0.13525391 0.15189048
2 0.75659180 0.21284224 0.13720703 0.21121252
