2 0.19238281 0.61016949 0.13085938 0.14602347
2 0.38647461 0.96153846 0.12353516 0.07561930
2 0.60107422 0.10821382 0.10253906 0.11994785
2 0.56372070 0.62255541 0.11572266 0.14602347
2 0.22338867 0.83213820 0.12646484 0.14406780
2 0.71875000 0.19035202 0.07324219 0.14471969
2 0.55493164 0.28878748 0.10205078 0.14211213
2 0.03955078 0.44980443 0.07812500 0.13820078
2 0.41259766 0.58474576 0.12207031 0.17079531
2 0.66406250 0.30769231 0.09667969 0.13168188
2 0.62841797 0.19132986 0.12988281 0.15710561
2 0.62133789 0.96088657 0.11474609 0.07692308
2 0.11889648 0.31910039 0.08935547 0.14276402
2 0.50634766 0.45273794 0.10644531 0.14537158
2 0.13940430 0.47164276 0.13330078 0.16492829
2 0.07226562 0.98794003 0.07714844 0.02281617
0 0.75659180 0.67894394 0.27001953 0.33702738
0 0.85302734 0.31095176 0.29296875 0.39634941
0 0.30102539 0.33474576 0.28564453 0.34615385
