2 0.34667969 0.24380704 0.10546875 0.14602347
2 0.59472656 0.07301173 0.11230469 0.14602347
2 0.40771484 0.65189048 0.10742188 0.15254237
2 0.58203125 0.59615385 0.11816406 0.15840939
2 0.30810547 0.58050847 0.11718750 0.15319426
2 0.42700195 0.03911343 0.11962891 0.07822686
2 0.25585938 0.14374185 0.12109375 0.14928292
2 0.20703125 0.71121252 0.11718750 0.14211213
2 0.97436523 0.59745763 0.05029297 0.14276402
2 0.39062500 0.14080834 0.09375000 0.13559322
2 0.84057617 0.80117340 0.11181641 0.13950456
2 0.42578125 0.49217731 0.11523438 0.13298566
2 0.70800781 0.02281617 0.10449219 0.04563233
3 0.13971154 0.39127542 0.27695513 0.35354713
3 0.53952909 0.30104616 0.28270957 0.36729284
3 0.81155572 0.55472624 0.31393738 0.37762187
