1 0.89794922 0.40710561 0.20117188 0.70730117
1 0.40649414 0.47685789 0.80859375 0.73011734
2 0.83569336 0.59615385 0.08740234 0.12451108
2 0.47412109 0.03422425 0.09277344 0.06714472
2 0.55590820 0.16558018 0.12255859 0.17340287
2 0.68676758 0.02998696 0.09912109 0.05867014
2 0.50195312 0.40221643 0.10546875 0.15384615
2 0.44482422 0.23468057 0.10546875 0.15906128
2 0.30273438 0.07464146 0.10156250 0.14146023
2 0.97363281 0.48076923 0.05175781 0.13233377
2 0.62036133 0.31355932 0.10986328 0.14732725
2 0.97363281 0.48076923 0.05175781 0.13102999
2 0.81665039 0.15775750 0.11962891 0.15906128
2 0.76562500 0.32659713 0.07714844 0.14732725
2 0.33837891 0.00554107 0.04492188 0.00977836
2 0.20727539 0.56127771 0.10888672 0.15254237
2 0.28271484 0.66297262 0.11816406 0.15514993
2 0.72119141 0.55312907 0.12597656 0.15710561
2 0.73901367 0.41720991 0.02392578 0.03650587
