2 0.27685547 0.78976532 0.12207031 0.14537158
2 0.23071289 0.10723598 0.12939453 0.15580183
2 0.93676758 0.31681877 0.12548828 0.16949153
2 0.84814453 0.42894394 0.11914062 0.14993481
2 0.20556641 0.24119948 0.12695312 0.13820078
2 0.82592773 0.57627119 0.14208984 0.14341591
2 0.95507812 0.13037810 0.05468750 0.12646675
2 0.53393555 0.41883963 0.11962891 0.15058670
2 0.70605469 0.51075619 0.12109375 0.14015645
2 0.13110352 0.91688396 0.11865234 0.16101695
2 0.94384766 0.02574967 0.10253906 0.05149935
2 0.69677734 0.01401565 0.06347656 0.02803129
2 0.18676758 0.01075619 0.11083984 0.02151239
0 0.78930664 0.18709257 0.30566406 0.37418514
0 0.12524414 0.67372881 0.25048828 0.34941330
3 0.41894531 0.19817471 0.31152344 0.39634941
3 0.93969727 0.56486310 0.12060547 0.39178618
3 0.58398438 0.67731421 0.30957031 0.40873533
