2 0.69140625 0.29595828 0.10937500 0.14080834
2 0.81909180 0.62711864 0.10986328 0.14993481
2 0.38574219 0.37777053 0.11425781 0.14276402
2 0.42773438 0.61016949 0.11914062 0.15775750
2 0.43920898 0.24445893 0.11376953 0.15645372
2 0.84497070 0.40254237 0.05908203 0.15971317
2 0.76660156 0.17470665 0.11230469 0.16166884
2 0.34155273 0.10984355 0.10693359 0.15580183
2 0.76855469 0.35462842 0.10156250 0.12516297
2 0.27416992 0.94002608 0.10498047 0.11864407
2 0.50561523 0.40156454 0.10009766 0.15384615
2 0.85717773 0.77705346 0.03466797 0.14080834
3 0.58154297 0.10169492 0.26464844 0.20338983
3 0.64892578 0.55280313 0.27490234 0.37744459
3 0.45874023 0.85299870 0.28271484 0.29400261
