2 0.80737305 0.38917862 0.13037109 0.14732725
2 0.61352539 0.03813559 0.12353516 0.07627119
2 0.39892578 0.89178618 0.10253906 0.11994785
2 0.43603516 0.37744459 0.11523438 0.14602347
2 0.77661133 0.16851369 0.12646484 0.14537158
2 0.28125000 0.80964798 0.07324219 0.14471969
2 0.44506836 0.71153846 0.10205078 0.14276402
2 0.96044922 0.55052151 0.07812500 0.13885267
2 0.58740234 0.41525424 0.12207031 0.17079531
2 0.33593750 0.69230769 0.09667969 0.13168188
2 0.37158203 0.80899609 0.12988281 0.15645372
2 0.37866211 0.03878748 0.11474609 0.07757497
2 0.88110352 0.68089961 0.08935547 0.14276402
2 0.49365234 0.54726206 0.10644531 0.14537158
2 0.86059570 0.52835724 0.13330078 0.16492829
2 0.92773438 0.01173403 0.07714844 0.02346806
0 0.24340820 0.32105606 0.27001953 0.33702738
0 0.14672852 0.68937419 0.29345703 0.39700130
0 0.69897461 0.66525424 0.28564453 0.34615385
