2 0.72265625 0.78976532 0.12207031 0.14537158
2 0.76879883 0.10756193 0.12939453 0.15514993
2 0.06274414 0.31714472 0.12548828 0.16883963
2 0.15161133 0.42894394 0.11865234 0.14993481
2 0.79418945 0.24087353 0.12646484 0.13885267
2 0.17358398 0.57659713 0.14208984 0.14276402
2 0.04418945 0.13037810 0.05419922 0.12646675
2 0.46582031 0.41883963 0.12011719 0.15058670
2 0.29345703 0.51075619 0.12109375 0.14015645
2 0.86865234 0.91688396 0.11816406 0.16101695
2 0.05608974 0.02583904 0.10231755 0.05167807
2 0.30322266 0.01401565 0.06347656 0.02803129
2 0.81323242 0.01075619 0.11083984 0.02151239
0 0.21079882 0.18718653 0.30571992 0.37437307
0 0.87475345 0.67388205 0.25049310 0.34931414
3 0.58103304 0.19816401 0.31147189 0.39632473
3 0.06019970 0.56496969 0.12039694 0.39152229
3 0.41605030 0.67718023 0.30941815 0.40857276
