2 0.01664201 0.13613716 0.03328402 0.16913871
2 0.18244576 0.04779070 0.13560158 0.09558139
2 0.33797584 0.05218169 0.14340976 0.10436337
2 0.13436884 0.18085679 0.11341223 0.16312167
2 0.22723619 0.20060967 0.10190582 0.14995857
2 0.14176529 0.32571010 0.14792899 0.13683498
2 0.18902120 0.66262150 0.14875000 0.21817033
2 0.36180966 0.22887132 0.11217949 0.19002389
2 0.58966223 0.18525107 0.13642258 0.21140939
2 0.89414941 0.12077198 0.14875000 0.15157475
2 0.85552268 0.26014478 0.12080868 0.16698929
2 0.95611440 0.26892347 0.08777120 0.17138358
2 0.84155079 0.45301261 0.16190089 0.18078109
2 0.71519477 0.84259285 0.15820266 0.18311812
2 0.95364892 0.77317966 0.09270217 0.15949762
