1 0.55263807 0.37145671 0.63584813 0.73303863
2 0.88745117 0.31421121 0.12548828 0.14993481
2 0.56811523 0.32627119 0.10986328 0.14276402
2 0.29956055 0.05508475 0.11474609 0.11016949
2 0.50073242 0.17894394 0.12353516 0.17796610
2 0.74609375 0.19817471 0.12402344 0.15645372
2 0.67724609 0.06453716 0.10937500 0.12907432
2 0.28100586 0.84778357 0.11474609 0.15058670
2 0.81518555 0.09647979 0.11083984 0.14471969
2 0.02148438 0.04563233 0.04296875 0.09126467
2 0.19750977 0.02705346 0.09228516 0.05410691
2 0.00659180 0.60691004 0.01318359 0.08083442
2 0.49462891 0.03259452 0.12597656 0.06518905
2 0.93798828 0.45534550 0.12304688 0.15189048
2 0.94824219 0.73402868 0.10253906 0.14341591
2 0.09423828 0.03683181 0.12402344 0.07366362
2 0.61645508 0.22522816 0.09716797 0.13885267
0 0.08789062 0.83181226 0.17578125 0.33507171
0 0.71875000 0.55508475 0.28417969 0.34093872
1 0.20710059 0.34002525 0.39201183 0.65262163
1 0.50788955 0.35292502 0.53007890 0.70585004
1 0.62792969 0.75945241 0.55859375 0.48109518
