2 0.65283203 0.24380704 0.10546875 0.14602347
2 0.40478516 0.07333768 0.11230469 0.14667536
2 0.59179688 0.65189048 0.10742188 0.15254237
2 0.41748047 0.59582790 0.11816406 0.15906128
2 0.69116211 0.58083442 0.11669922 0.15254237
2 0.57250977 0.03911343 0.11962891 0.07822686
2 0.74340820 0.14374185 0.12060547 0.14928292
2 0.79248047 0.71121252 0.11718750 0.14211213
2 0.02514648 0.59745763 0.05029297 0.14276402
2 0.60888672 0.14080834 0.09375000 0.13559322
2 0.15893555 0.80084746 0.11181641 0.14015645
2 0.57373047 0.49217731 0.11523438 0.13298566
2 0.29248047 0.02314211 0.10546875 0.04628422
3 0.86035156 0.39113429 0.27685547 0.35332464
3 0.46044922 0.30117340 0.28271484 0.36701434
3 0.18847656 0.55475880 0.31396484 0.37744459
