2 0.16137695 0.08311604 0.07177734 0.16623207
2 0.16455078 0.28357236 0.07812500 0.19165580
2 0.26074219 0.04367666 0.12207031 0.08735332
2 0.27563477 0.13591917 0.11230469 0.13624511
2 0.36914062 0.06029987 0.10253906 0.12059974
2 0.62182617 0.09191656 0.16357422 0.18383312
2 0.29687500 0.31551499 0.14208984 0.14993481
2 0.26416016 0.61962190 0.15820312 0.18187744
2 0.21606445 0.96316819 0.11376953 0.07366362
2 0.32031250 0.94687093 0.12500000 0.10625815
2 0.46459961 0.92372881 0.13525391 0.15254237
2 0.75659180 0.78715776 0.13720703 0.21121252
