2 0.64599609 0.50097784 0.10351562 0.12711864
2 0.42480469 0.04465450 0.12109375 0.08930900
2 0.45385742 0.14797914 0.11181641 0.15645372
2 0.33935547 0.22881356 0.12109375 0.15775750
2 0.01440430 0.40352021 0.02880859 0.10821382
2 0.61206055 0.70860495 0.13818359 0.14602347
2 0.35351562 0.59778357 0.10546875 0.13950456
2 0.66992188 0.37190352 0.10058594 0.14146023
2 0.93554688 0.95273794 0.12304688 0.09322034
2 0.63085938 0.23859192 0.11035156 0.15514993
2 0.04003906 0.26401565 0.08007812 0.16166884
2 0.16748047 0.64178618 0.11718750 0.12842243
0 0.94311523 0.66166884 0.11376953 0.34419817
0 0.20507812 0.43709257 0.25830078 0.36049544
3 0.13574219 0.85136897 0.27148438 0.29726206
3 0.14013672 0.14178618 0.28027344 0.28357236
1 0.76977539 0.28259452 0.46044922 0.56518905
