1 0.59619141 0.57040417 0.54882812 0.84876141
2 0.63842773 0.96675359 0.11181641 0.06518905
2 0.62963867 0.59159061 0.10693359 0.14667536
2 0.83276367 0.23239896 0.08349609 0.15319426
2 0.73999023 0.50162973 0.13330078 0.16492829
2 0.72583008 0.82920469 0.11767578 0.16558018
2 0.82568359 0.73696219 0.09667969 0.14667536
2 0.23901367 0.20827901 0.11279297 0.15319426
2 0.80151367 0.92177314 0.10791016 0.14732725
2 0.85424805 0.09582790 0.04052734 0.12385919
2 0.84960938 0.49348110 0.04882812 0.16818774
2 0.85278320 0.02086050 0.04248047 0.04172099
2 0.70532227 0.65612777 0.10400391 0.12972621
0 0.25610352 0.03422425 0.19970703 0.06844850
0 0.45849609 0.79302477 0.25585938 0.37874837
1 0.61987305 0.18513690 0.48876953 0.37027379
1 0.61010742 0.51043025 0.52880859 0.70795306
1 0.30566406 0.64895698 0.36035156 0.70208605
