2 0.35351562 0.49837027 0.10351562 0.12711864
2 0.57470703 0.95469361 0.12109375 0.08930900
2 0.54565430 0.85202086 0.11181641 0.15775750
2 0.66015625 0.77118644 0.12109375 0.15775750
2 0.98510742 0.59582790 0.02880859 0.10821382
2 0.38745117 0.29074316 0.13818359 0.14602347
2 0.64599609 0.40189048 0.10546875 0.14015645
2 0.32958984 0.62744459 0.10058594 0.14146023
2 0.06396484 0.04661017 0.12304688 0.09322034
2 0.36840820 0.76075619 0.11083984 0.15514993
2 0.95947266 0.73533246 0.08007812 0.16166884
2 0.83227539 0.35756193 0.11669922 0.12842243
0 0.05688477 0.33833116 0.11376953 0.34419817
0 0.79491371 0.56277091 0.25846400 0.36079523
3 0.86427515 0.14877031 0.27144970 0.29754061
3 0.85986328 0.85821382 0.28027344 0.28357236
1 0.23022461 0.71740548 0.46044922 0.56518905
