2 0.28295898 0.20241199 0.10888672 0.16232073
2 0.79418945 0.14048240 0.11669922 0.17275098
2 0.63720703 0.99967405 0.12744141 0.00065189
2 0.55346680 0.94263364 0.11181641 0.11342894
2 0.69433594 0.10691004 0.10351562 0.16949153
2 0.44287109 0.92014342 0.10742188 0.15840939
2 0.56079102 0.54563233 0.11279297 0.16036506
2 0.49194336 0.77542373 0.10498047 0.16101695
2 0.18774414 0.04335072 0.12060547 0.08670143
2 0.86401367 0.76271186 0.02099609 0.08474576
2 0.86645508 0.08181226 0.01611328 0.14797914
0 0.73437500 0.84093872 0.28027344 0.31812256
0 0.36962891 0.08344198 0.26171875 0.16688396
3 0.72607422 0.39178618 0.29687500 0.41590613
3 0.36718750 0.61212516 0.30615234 0.41329857
