1 0.43041992 0.05149935 0.52978516 0.10299870
1 0.48242188 0.54237288 0.54687500 0.91525424
2 0.57177734 0.05541069 0.09375000 0.10821382
2 0.15112305 0.53455020 0.05029297 0.12385919
2 0.24926758 0.42535854 0.12939453 0.16362451
2 0.14794922 0.25065189 0.04394531 0.13233377
2 0.42675781 0.49739244 0.11523438 0.14080834
2 0.30126953 0.57333768 0.11914062 0.14146023
2 0.18139648 0.76368970 0.10595703 0.13494133
2 0.36035156 0.33930900 0.11035156 0.14667536
2 0.57177734 0.05475880 0.09277344 0.10951760
2 0.24365234 0.07855280 0.11914062 0.15710561
2 0.37011719 0.14602347 0.11035156 0.10299870
2 0.12963867 0.71577575 0.00732422 0.05997392
2 0.54589844 0.89113429 0.11425781 0.14602347
2 0.62231445 0.79041721 0.11572266 0.15840939
2 0.53955078 0.20469361 0.11718750 0.16818774
2 0.43798828 0.18089961 0.02734375 0.03194263
