2 0.32324219 0.07105606 0.10937500 0.14211213
2 0.28393555 0.24706649 0.12255859 0.16036506
2 0.94580078 0.04106910 0.10742188 0.08213820
2 0.49072266 0.02053455 0.08593750 0.04106910
2 0.17187500 0.30606258 0.11425781 0.13494133
2 0.42675781 0.01271186 0.03515625 0.02542373
2 0.04638672 0.43904824 0.09277344 0.14928292
2 0.99584961 0.44752282 0.00732422 0.04498044
2 0.17797852 0.79172099 0.11767578 0.15189048
2 0.97192383 0.13526728 0.05517578 0.14146023
2 0.82177734 0.05573664 0.11230469 0.10104302
3 0.64868164 0.23207301 0.29052734 0.42372881
3 0.13330078 0.12157757 0.26660156 0.22555411
1 0.58422852 0.41688396 0.49218750 0.81616688
1 0.21948242 0.74804433 0.43896484 0.46479791
