2 0.52368164 0.37777053 0.11572266 0.15189048
2 0.55883789 0.24152542 0.12451172 0.17275098
2 0.25073242 0.10136897 0.13427734 0.15449804
2 0.33056641 0.29367666 0.10937500 0.13624511
2 0.16235352 0.80052151 0.10498047 0.14993481
2 0.52294922 0.64732725 0.12304688 0.15384615
2 0.95751953 0.59582790 0.08398438 0.14341591
2 0.44531250 0.29661017 0.10449219 0.13950456
2 0.84033203 0.79530639 0.11230469 0.15123859
2 0.43408203 0.42731421 0.09863281 0.12842243
2 0.34301758 0.47946545 0.12255859 0.13102999
2 0.01562500 0.52314211 0.03125000 0.05541069
2 0.61206055 0.07268579 0.11865234 0.14537158
2 0.70751953 0.02281617 0.10449219 0.04563233
3 0.14156065 0.37454423 0.28311884 0.38262510
3 0.74231509 0.37509393 0.29133876 0.36397491
3 0.32873028 0.72558646 0.29996795 0.34739185
