2 0.67626953 0.07105606 0.10937500 0.14211213
2 0.71533203 0.24706649 0.12207031 0.16036506
2 0.05371094 0.04106910 0.10742188 0.08213820
2 0.50878906 0.02053455 0.08593750 0.04106910
2 0.82788086 0.30606258 0.11376953 0.13494133
2 0.57348633 0.01271186 0.03466797 0.02542373
2 0.95312500 0.43904824 0.09277344 0.14928292
2 0.00366211 0.44752282 0.00732422 0.04498044
2 0.82153320 0.79172099 0.11767578 0.15189048
2 0.02758789 0.13526728 0.05517578 0.14146023
2 0.17826430 0.05589461 0.11244576 0.10081503
3 0.35122781 0.23220241 0.29071992 0.42380956
3 0.86674063 0.12170021 0.26651874 0.22584634
1 0.41575197 0.41673592 0.49196499 0.81591446
1 0.78044872 0.74805819 0.43910256 0.46475044
