2 0.47656250 0.62222947 0.11621094 0.15189048
2 0.44116211 0.75880052 0.12451172 0.17340287
2 0.74926758 0.89863103 0.13427734 0.15449804
2 0.66943359 0.70664928 0.10937500 0.13689700
2 0.83764648 0.19980443 0.10498047 0.15058670
2 0.47705078 0.35299870 0.12304688 0.15449804
2 0.04248047 0.40449804 0.08398438 0.14406780
2 0.55468750 0.70338983 0.10449219 0.13950456
2 0.15966797 0.20501956 0.11230469 0.15189048
2 0.56591797 0.57366362 0.09863281 0.12777053
2 0.65698242 0.52086050 0.12255859 0.13037810
2 0.98413086 0.47685789 0.03076172 0.05541069
2 0.38793945 0.92698827 0.11865234 0.14471969
2 0.29248047 0.97718383 0.10449219 0.04432855
3 0.85839844 0.62548892 0.28320312 0.38265971
3 0.25756836 0.62483703 0.29150391 0.36375489
3 0.67138672 0.27444589 0.29980469 0.34745763
