2 0.42773438 0.56062581 0.11425781 0.14341591
2 0.62475586 0.59354628 0.11572266 0.16101695
2 0.55322266 0.44850065 0.10742188 0.13298566
2 0.53466797 0.57398957 0.10058594 0.13624511
2 0.67065430 0.75651890 0.11083984 0.12320730
2 0.39624023 0.43383312 0.12548828 0.14406780
2 0.36059570 0.69328553 0.10791016 0.15189048
2 0.55932617 0.82594524 0.10302734 0.18513690
2 0.64965820 0.85593220 0.12841797 0.17079531
2 0.31225586 0.72620600 0.05322266 0.09778357
2 0.70898438 0.68970013 0.13769531 0.16949153
2 0.47216797 0.66949153 0.10156250 0.10299870
2 0.48681641 0.77705346 0.12402344 0.17209909
