2 0.57226562 0.43937419 0.11425781 0.14341591
2 0.37524414 0.40645372 0.11572266 0.16101695
2 0.44677734 0.55182529 0.10742188 0.13363755
2 0.46533203 0.42601043 0.10058594 0.13624511
2 0.32934570 0.24348110 0.11083984 0.12320730
2 0.60375977 0.56649283 0.12548828 0.14471969
2 0.63940430 0.30671447 0.10791016 0.15189048
2 0.44067383 0.17438070 0.10302734 0.18448501
2 0.35034180 0.14439374 0.12841797 0.17014342
2 0.68798828 0.27379400 0.05371094 0.09778357
2 0.29077148 0.31029987 0.13720703 0.16949153
2 0.52783203 0.33050847 0.10156250 0.10299870
2 0.51318359 0.22327249 0.12402344 0.17144720
