2 0.64624023 0.60104302 0.02685547 0.03389831
2 0.63085938 0.44328553 0.09570312 0.15384615
2 0.53393555 0.44947849 0.13916016 0.19100391
2 0.40747070 0.01988266 0.06298828 0.03976532
2 0.63793945 0.27183833 0.13427734 0.19556714
2 0.43872070 0.24771838 0.13818359 0.14993481
2 0.57128906 0.02574967 0.09960938 0.05149935
2 0.41186523 0.40677966 0.16748047 0.21512386
2 0.53149414 0.29172099 0.09228516 0.14406780
2 0.58007812 0.59191656 0.11328125 0.15775750
2 0.00170898 0.18415906 0.00341797 0.03715776
2 0.68188477 0.53031291 0.14794922 0.17926988
2 0.92504883 0.01010430 0.07275391 0.02020860
2 0.58618164 0.34973924 0.04638672 0.06975228
2 0.47412109 0.63265971 0.12890625 0.20143416
0 0.28540039 0.10560626 0.25927734 0.21121252
0 0.06860352 0.79237288 0.13720703 0.37744459
0 0.31372070 0.48272490 0.25830078 0.39439374
