2 0.42822266 0.56127771 0.11425781 0.14341591
2 0.62524414 0.59419817 0.11572266 0.16101695
2 0.55371094 0.44915254 0.10742188 0.13298566
2 0.53515625 0.57464146 0.10058594 0.13624511
2 0.67114258 0.75717080 0.11083984 0.12320730
2 0.39672852 0.43448501 0.12548828 0.14406780
2 0.36108398 0.69393742 0.10791016 0.15189048
2 0.55981445 0.82659713 0.10302734 0.18513690
2 0.65014648 0.85658409 0.12841797 0.17079531
2 0.31274414 0.72685789 0.05322266 0.09778357
2 0.70947266 0.69035202 0.13769531 0.16949153
2 0.47265625 0.67014342 0.10156250 0.10299870
2 0.48730469 0.77770535 0.12402344 0.17209909
