2 0.82055664 0.73565841 0.10693359 0.14537158
2 0.68945312 0.78813559 0.12011719 0.16297262
2 0.85888672 0.51173403 0.03027344 0.11473272
2 0.64526367 0.93057366 0.10107422 0.13754889
2 0.86474609 0.59810952 0.01855469 0.04628422
2 0.28149414 0.92503259 0.11376953 0.14863103
2 0.83276367 0.07268579 0.07568359 0.14537158
3 0.70068359 0.30149935 0.31738281 0.38787484
3 0.78320312 0.90580183 0.16894531 0.18839635
1 0.56225586 0.38754889 0.61132812 0.65710561
1 0.31420898 0.79074316 0.34814453 0.41851369
