2 0.53173828 0.83441982 0.12011719 0.15123859
2 0.16064453 0.40710561 0.06933594 0.16362451
2 0.26831055 0.53520209 0.11181641 0.17731421
2 0.60083008 0.06714472 0.10693359 0.13428944
2 0.50903320 0.95664928 0.10498047 0.08539765
2 0.60253906 0.93676662 0.09863281 0.12516297
2 0.86840820 0.75847458 0.01123047 0.02151239
2 0.24462891 0.05769231 0.12500000 0.11538462
2 0.32421875 0.76629726 0.10937500 0.17535854
1 0.27246094 0.77151239 0.29296875 0.45567145
0 0.75634766 0.84322034 0.22558594 0.31355932
3 0.47290039 0.58344198 0.29687500 0.40417210
3 0.77758789 0.09745763 0.19287109 0.19491525
