2 0.42382812 0.69589309 0.02539062 0.03585398
2 0.54199219 0.67568449 0.11523438 0.12711864
2 0.53735352 0.54595828 0.14208984 0.18578879
2 0.85913086 0.37711864 0.02978516 0.08409387
2 0.67041016 0.68513690 0.14648438 0.17992177
2 0.68872070 0.41916558 0.11279297 0.18383312
2 0.85473633 0.59582790 0.03857422 0.13298566
2 0.56933594 0.38331160 0.16113281 0.22294654
2 0.65551758 0.54269883 0.10791016 0.12320730
2 0.43041992 0.60788787 0.11767578 0.15058670
2 0.47680664 0.74348110 0.13427734 0.19752282
2 0.61206055 0.61571056 0.05224609 0.06192960
2 0.40014648 0.46610169 0.15087891 0.17209909
0 0.79467773 0.21414602 0.15869141 0.34615385
0 0.26757812 0.00814863 0.06445312 0.01629726
0 0.51269531 0.25195567 0.29492188 0.34485007
