2 0.24926758 0.45795306 0.11376953 0.16101695
2 0.56933594 0.95306389 0.12304688 0.09256845
2 0.47265625 0.80932203 0.13183594 0.14928292
2 0.83203125 0.36538462 0.11718750 0.14276402
2 0.13549805 0.48728814 0.10791016 0.14146023
2 0.16381836 0.36277705 0.11083984 0.13233377
2 0.30590820 0.00782269 0.01611328 0.01564537
2 0.85327148 0.84093872 0.13134766 0.16688396
2 0.03442383 0.02086050 0.06884766 0.04172099
2 0.04003906 0.10951760 0.08007812 0.15645372
2 0.30004883 0.73468057 0.13134766 0.14602347
1 0.23339844 0.65840939 0.46679688 0.68187744
0 0.21593442 0.15782549 0.28887327 0.30138520
0 0.04294132 0.29088500 0.08588018 0.30747136
3 0.43741864 0.53616164 0.30284270 0.39644981
3 0.85922091 0.12928734 0.26134122 0.25747859
