2 0.57592773 0.30508475 0.02636719 0.03715776
2 0.45800781 0.32464146 0.11523438 0.12777053
2 0.46240234 0.45436767 0.14257812 0.18513690
2 0.14086914 0.62288136 0.02978516 0.08409387
2 0.32983398 0.31518905 0.14599609 0.17926988
2 0.31127930 0.58116037 0.11279297 0.18448501
2 0.14526367 0.40417210 0.03857422 0.13298566
2 0.43041992 0.61734029 0.16162109 0.22294654
2 0.34448242 0.45730117 0.10791016 0.12320730
2 0.56958008 0.39276402 0.11767578 0.15058670
2 0.52319336 0.25651890 0.13427734 0.19752282
2 0.38793945 0.38428944 0.05224609 0.06192960
2 0.59985352 0.53389831 0.15087891 0.17209909
0 0.20532227 0.78585398 0.15869141 0.34615385
0 0.73242188 0.99152542 0.06250000 0.01564537
0 0.48730469 0.74837027 0.29492188 0.34419817
