2 0.46826172 0.16590613 0.12011719 0.15189048
2 0.83935547 0.59322034 0.06933594 0.16427640
2 0.73168945 0.46479791 0.11181641 0.17731421
2 0.39916992 0.93285528 0.10693359 0.13298566
2 0.49096680 0.04302477 0.10498047 0.08604954
2 0.39721680 0.06290743 0.09912109 0.12581486
2 0.13134766 0.24152542 0.01171875 0.02151239
2 0.75537109 0.94198175 0.12500000 0.11473272
2 0.67602539 0.23305085 0.10888672 0.17666232
1 0.72705078 0.22816167 0.29394531 0.45632334
0 0.24365234 0.15677966 0.22558594 0.31355932
3 0.52709961 0.41655802 0.29687500 0.40417210
3 0.22241211 0.90254237 0.19287109 0.19491525
