2 0.40844727 0.46903520 0.11376953 0.15449804
2 0.30615234 0.42144720 0.12988281 0.16623207
2 0.20141602 0.83311604 0.11572266 0.17861799
2 0.34545898 0.72620600 0.10205078 0.14602347
2 0.72485352 0.94002608 0.11279297 0.11864407
2 0.61010742 0.46936115 0.11572266 0.16427640
2 0.34765625 0.57301173 0.10449219 0.13950456
2 0.72070312 0.06029987 0.11328125 0.12059974
2 0.44506836 0.58833116 0.09619141 0.13102999
2 0.48461914 0.71023468 0.09814453 0.16492829
2 0.17993164 0.35039113 0.10888672 0.15840939
2 0.14257812 0.22294654 0.03417969 0.13950456
3 0.40600586 0.89471969 0.28662109 0.21056063
3 0.40625000 0.18546284 0.27246094 0.37092568
3 0.66894531 0.72881356 0.26025391 0.40026076
