0 0.73242188 0.14341591 0.27343750 0.28683181
0 0.74267578 0.91395046 0.26367188 0.17209909
3 0.76147461 0.52411995 0.22607422 0.44850065
3 0.45117188 0.87777053 0.26367188 0.24445893
3 0.32324219 0.14341591 0.36523438 0.28683181
2 0.81835938 0.72164276 0.11132812 0.15123859
2 0.86450195 0.65319426 0.01904297 0.05215124
2 0.58007812 0.49934811 0.11132812 0.15645372
2 0.62768555 0.74576271 0.12060547 0.13689700
2 0.56713867 0.03715776 0.10205078 0.07431551
2 0.85375977 0.24445893 0.04052734 0.11603651
2 0.16821289 0.56844850 0.08447266 0.16949153
2 0.25048828 0.92112125 0.08984375 0.15645372
