0 0.79760742 0.18970013 0.27636719 0.36505867
0 0.12719727 0.17601043 0.25439453 0.35202086
3 0.48193359 0.15091265 0.33593750 0.30182529
3 0.15405273 0.56453716 0.30810547 0.35202086
3 0.82983398 0.73598435 0.34033203 0.48761408
2 0.33374023 0.07464146 0.11376953 0.14928292
2 0.38525391 0.01336375 0.03906250 0.02672751
2 0.94921875 0.04237288 0.10058594 0.08474576
2 0.50000000 0.39308996 0.11718750 0.14863103
2 0.04760742 0.41297262 0.09521484 0.16753585
2 0.31542969 0.32953064 0.10253906 0.16101695
2 0.87792969 0.40808344 0.11914062 0.14080834
2 0.69140625 0.02770535 0.08740234 0.05541069
2 0.96020508 0.97457627 0.07861328 0.04954368
2 0.44824219 0.94295958 0.12695312 0.11277705
2 0.18066406 0.83311604 0.12402344 0.11994785
2 0.96142578 0.34354628 0.07617188 0.16558018
