0 0.25004191 0.13779283 0.33242850 0.27119796
0 0.07252712 0.34109173 0.14505178 0.31242521
3 0.86242604 0.07852434 0.27514793 0.15704867
3 0.85194773 0.36853377 0.29610454 0.39364537
1 0.73389300 0.49888759 0.35091963 0.80905806
2 0.99023438 0.57333768 0.01855469 0.10495437
2 0.58007812 0.03943937 0.10937500 0.07887875
2 0.76513672 0.96023468 0.10449219 0.07822686
2 0.41015625 0.49804433 0.10351562 0.12777053
2 0.78906250 0.63102999 0.11621094 0.15775750
2 0.33935547 0.42079531 0.10449219 0.14537158
2 0.03295898 0.02966102 0.06591797 0.05932203
2 0.93261719 0.58246415 0.12304688 0.13363755
2 0.94116211 0.77086050 0.11669922 0.16623207
2 0.97314453 0.27183833 0.05273438 0.11082138
2 0.04174805 0.11734029 0.08349609 0.13168188
