2 0.51757812 0.95697523 0.12207031 0.08474576
2 0.42968750 0.08246415 0.10937500 0.16101695
2 0.48950195 0.44100391 0.11279297 0.14015645
2 0.30249023 0.07431551 0.10107422 0.14080834
2 0.55541992 0.11245111 0.11767578 0.16623207
2 0.26269531 0.31192960 0.11425781 0.16492829
2 0.51049805 0.26597132 0.12255859 0.16166884
2 0.39990234 0.92275098 0.12597656 0.15319426
2 0.12133789 0.46512386 0.11962891 0.13363755
2 0.60571289 0.03715776 0.11083984 0.07431551
2 0.25927734 0.92275098 0.15527344 0.15319426
2 0.97119141 0.07040417 0.05664062 0.14080834
1 0.57031250 0.90384615 0.42773438 0.19100391
1 0.54296875 0.56649283 0.91308594 0.50456323
2 0.20190430 0.54335072 0.07763672 0.10104302
