2 0.52661133 0.70436767 0.11181641 0.14667536
2 0.22387695 0.60788787 0.10595703 0.13233377
2 0.04956055 0.05312907 0.08935547 0.08930900
2 0.19433594 0.06290743 0.13769531 0.12581486
2 0.33959961 0.06095176 0.16943359 0.12190352
2 0.03955078 0.19426336 0.07910156 0.15384615
2 0.21679688 0.76597132 0.14257812 0.15189048
2 0.45654297 0.58930900 0.14648438 0.14080834
2 0.69458008 0.81518905 0.14648438 0.18122555
2 0.96411133 0.78292047 0.07177734 0.15319426
2 0.53222656 0.46936115 0.09033203 0.14797914
2 0.61987305 0.41264668 0.10546875 0.14276402
2 0.72778320 0.23794003 0.11669922 0.17209909
2 0.74121094 0.08083442 0.12890625 0.14797914
2 0.84863281 0.05867014 0.14111328 0.11734029
2 0.84765625 0.17796610 0.13964844 0.18644068
