1 0.36547852 0.26238592 0.47998047 0.52477184
1 0.59155273 0.84126467 0.56591797 0.31747066
1 0.72583008 0.32594524 0.29541016 0.65189048
3 0.26074219 0.16329857 0.27050781 0.32659713
3 0.21899414 0.91069100 0.17919922 0.17861799
2 0.40429688 0.87059974 0.11816406 0.13494133
2 0.18188477 0.74087353 0.11181641 0.15058670
2 0.13696289 0.63950456 0.02197266 0.08865711
2 0.83740234 0.69230769 0.07324219 0.15514993
2 0.14526367 0.52346806 0.03857422 0.12907432
2 0.12963867 0.66427640 0.00732422 0.04041721
2 0.31420898 0.76271186 0.11474609 0.16818774
2 0.13696289 0.61929596 0.02197266 0.04823990
2 0.50244141 0.98989570 0.05664062 0.01890482
2 0.13281250 0.00717080 0.01367188 0.01434159
