1 0.26232742 0.32027238 0.51282051 0.64054476
1 0.81738281 0.62222947 0.36132812 0.75554107
1 0.30855523 0.80150385 0.61020710 0.39433331
3 0.23134369 0.18060005 0.27777860 0.36120010
3 0.87043886 0.12516956 0.25912229 0.23936822
2 0.77758789 0.37157757 0.10107422 0.15775750
2 0.68041992 0.07464146 0.11279297 0.14928292
2 0.60449219 0.01466754 0.06640625 0.02933507
2 0.64404297 0.95013038 0.11621094 0.09843546
2 0.51782227 0.02574967 0.09716797 0.05149935
2 0.02758789 0.13591917 0.05517578 0.14015645
2 0.62304688 0.00488918 0.03027344 0.00977836
2 0.69677734 0.25130378 0.12597656 0.15319426
2 0.05297852 0.04074316 0.10595703 0.08148631
2 0.58911133 0.01466754 0.03662109 0.02933507
2 0.89013672 0.52379400 0.06054688 0.11668840
2 0.11401367 0.02216428 0.04443359 0.04432855
