2 0.48193359 0.95697523 0.12207031 0.08474576
2 0.56982422 0.08246415 0.10937500 0.16101695
2 0.51049805 0.44100391 0.11279297 0.14015645
2 0.69702148 0.07431551 0.10107422 0.14080834
2 0.44409180 0.11212516 0.11767578 0.16688396
2 0.73681641 0.31192960 0.11425781 0.16492829
2 0.48901367 0.26597132 0.12255859 0.16166884
2 0.59936523 0.92307692 0.12548828 0.15254237
2 0.87792969 0.46512386 0.11914062 0.13363755
2 0.39379883 0.03715776 0.11083984 0.07431551
2 0.73999023 0.92307692 0.15576172 0.15254237
2 0.02832031 0.07040417 0.05664062 0.14080834
1 0.42919922 0.90352021 0.42773438 0.19165580
1 0.45654297 0.56649283 0.91308594 0.50456323
2 0.79820020 0.54326820 0.07766272 0.10125281
