0 0.20237426 0.18965523 0.27654586 0.36504468
0 0.87280273 0.17601043 0.25439453 0.35202086
3 0.51795611 0.15096580 0.33571746 0.30193160
3 0.84578402 0.56496640 0.30843195 0.35201654
3 0.17016602 0.73598435 0.34033203 0.48761408
2 0.66577148 0.07464146 0.11376953 0.14928292
2 0.61474609 0.01303781 0.03906250 0.02607562
2 0.05029297 0.04237288 0.10058594 0.08474576
2 0.49926758 0.39341591 0.11669922 0.14797914
2 0.95190430 0.41297262 0.09521484 0.16753585
2 0.68408203 0.32953064 0.10253906 0.16101695
2 0.12182617 0.40808344 0.11767578 0.14080834
2 0.30859375 0.02737940 0.08691406 0.05475880
2 0.03930664 0.97490222 0.07861328 0.04889179
2 0.55126953 0.94295958 0.12695312 0.11277705
2 0.81884766 0.83344198 0.12402344 0.11929596
2 0.03808594 0.34354628 0.07617188 0.16558018
