2 0.52612305 0.70371578 0.11181641 0.14667536
2 0.22338867 0.60723598 0.10595703 0.13233377
2 0.04951430 0.05327779 0.08916913 0.08899820
2 0.19433594 0.06290743 0.13769531 0.12581486
2 0.33959961 0.06095176 0.16943359 0.12190352
2 0.03955078 0.19426336 0.07910156 0.15384615
2 0.21675789 0.76604677 0.14258629 0.15181503
2 0.45652613 0.58936372 0.14628452 0.14077502
2 0.69464990 0.81515739 0.14669625 0.18091275
2 0.96412722 0.78305445 0.07174556 0.15291772
2 0.53213264 0.46947059 0.09040187 0.14786512
2 0.61986440 0.41268067 0.10560404 0.14290468
2 0.72772929 0.23792321 0.11669872 0.17192011
2 0.74128945 0.08099303 0.12902613 0.14772029
2 0.84853797 0.05876817 0.14135355 0.11753305
2 0.84771450 0.17784169 0.13971154 0.18671254
