1 0.26220703 0.67959583 0.51269531 0.64080834
1 0.81738281 0.37777053 0.36132812 0.75554107
1 0.30859375 0.19850065 0.61035156 0.39439374
3 0.23144531 0.81942634 0.27783203 0.36114733
3 0.87036133 0.87483703 0.25927734 0.23924381
2 0.77807617 0.62842243 0.10107422 0.15775750
2 0.68115234 0.92503259 0.11230469 0.14863103
2 0.60498047 0.98500652 0.06640625 0.02868318
2 0.64453125 0.04986962 0.11621094 0.09843546
2 0.51806641 0.97425033 0.09667969 0.05019557
2 0.02807617 0.86408083 0.05517578 0.14015645
2 0.62353516 0.99478488 0.03027344 0.00912647
2 0.69726562 0.74869622 0.12597656 0.15319426
2 0.05346680 0.95893090 0.10595703 0.08083442
2 0.58959961 0.98533246 0.03662109 0.02803129
2 0.89062500 0.47653194 0.06054688 0.11734029
2 0.11450195 0.97750978 0.04443359 0.04367666
