0 0.25000000 0.86212516 0.33251953 0.27118644
0 0.07250977 0.65906128 0.14501953 0.31225554
3 0.86230469 0.92144720 0.27539062 0.15710561
3 0.85205078 0.63135593 0.29589844 0.39374185
1 0.73388672 0.50097784 0.35107422 0.80899609
2 0.99047852 0.42666232 0.01806641 0.10495437
2 0.58056641 0.96023468 0.10937500 0.07822686
2 0.76562500 0.03976532 0.10449219 0.07822686
2 0.41064453 0.50228162 0.10351562 0.12711864
2 0.78955078 0.36897001 0.11621094 0.15775750
2 0.33984375 0.57920469 0.10449219 0.14537158
2 0.03295898 0.96968709 0.06494141 0.05932203
2 0.93310547 0.41818774 0.12304688 0.13494133
2 0.94140625 0.22979140 0.11621094 0.16492829
2 0.97338867 0.72816167 0.05224609 0.11082138
2 0.04223633 0.88331160 0.08349609 0.13168188
