2 0.47314453 0.29563233 0.11230469 0.14667536
2 0.77612305 0.39211213 0.10595703 0.13233377
2 0.95043945 0.94687093 0.08935547 0.08930900
2 0.80566406 0.93709257 0.13769531 0.12581486
2 0.66040039 0.93904824 0.16943359 0.12190352
2 0.96044922 0.80573664 0.07910156 0.15384615
2 0.78320312 0.23402868 0.14257812 0.15189048
2 0.54345703 0.41069100 0.14648438 0.14080834
2 0.30541992 0.18481095 0.14648438 0.18122555
2 0.03588867 0.21707953 0.07177734 0.15319426
2 0.46777344 0.53063885 0.09033203 0.14797914
2 0.38012695 0.58735332 0.10546875 0.14276402
2 0.27221680 0.76205997 0.11669922 0.17209909
2 0.25878906 0.91916558 0.12890625 0.14797914
2 0.15136719 0.94132986 0.14111328 0.11734029
2 0.15234375 0.82203390 0.13964844 0.18644068
