2 0.39282227 0.79041721 0.10205078 0.15580183
2 0.59619141 0.35039113 0.02929688 0.03324641
2 0.52294922 0.82529335 0.12792969 0.15514993
2 0.47583008 0.58311604 0.13818359 0.18448501
2 0.52758789 0.51531943 0.09912109 0.12451108
2 0.56567383 0.28455020 0.13427734 0.18709257
2 0.35546875 0.30084746 0.13867188 0.17666232
2 0.53369141 0.38657106 0.03125000 0.03780965
2 0.36010742 0.46349413 0.11962891 0.15384615
2 0.42822266 0.51140808 0.09179688 0.11799218
2 0.53417969 0.67209909 0.12500000 0.16818774
2 0.00170898 0.18415906 0.00341797 0.03715776
2 0.39062500 0.02444589 0.11132812 0.04889179
2 0.41088867 0.38526728 0.05224609 0.07822686
2 0.57885742 0.45110821 0.11962891 0.16949153
2 0.92480469 0.01010430 0.07421875 0.02020860
2 0.47265625 0.34256845 0.09960938 0.17144720
2 0.53491211 0.38591917 0.03369141 0.03911343
2 0.57104492 0.02574967 0.09912109 0.05149935
0 0.84790039 0.25260756 0.30322266 0.38657106
0 0.12084961 0.84093872 0.24169922 0.31681877
