1 0.48570020 0.47227503 0.35749507 0.80521019
0 0.13416420 0.32546323 0.26832594 0.40954049
0 0.23093442 0.14767420 0.29174803 0.29534512
3 0.57034763 0.30790256 0.28024408 0.40075522
3 0.85009862 0.14328321 0.29980276 0.28656314
2 0.11840820 0.94784876 0.12841797 0.10299870
2 0.35253906 0.73076923 0.10253906 0.13820078
2 0.06469727 0.92242503 0.07275391 0.08474576
2 0.33813477 0.87125163 0.11279297 0.15580183
2 0.25781250 0.71056063 0.13281250 0.16427640
2 0.09594727 0.82203390 0.13330078 0.15514993
2 0.22070312 0.89700130 0.11328125 0.09517601
2 0.32714844 0.95013038 0.09863281 0.09843546
2 0.12719727 0.69002608 0.13427734 0.15058670
2 0.02612305 0.83735332 0.05224609 0.18318123
2 0.21533203 0.82073012 0.11718750 0.14211213
2 0.04248047 0.65058670 0.08496094 0.17731421
2 0.23925781 0.95958279 0.13183594 0.07953064
