1 0.51440430 0.47229465 0.35742188 0.80508475
0 0.86572266 0.32561930 0.26855469 0.40938722
0 0.76904297 0.14765319 0.29150391 0.29530639
3 0.42968750 0.30801825 0.28027344 0.40091265
3 0.14990234 0.14341591 0.29980469 0.28683181
2 0.88159180 0.94817471 0.12841797 0.10234681
2 0.64746094 0.73174707 0.10253906 0.13754889
2 0.93530273 0.92307692 0.07275391 0.08474576
2 0.66210938 0.87190352 0.11328125 0.15580183
2 0.74218750 0.71121252 0.13281250 0.16427640
2 0.90405273 0.82268579 0.13330078 0.15514993
2 0.77954102 0.89765319 0.11279297 0.09517601
2 0.67285156 0.95045632 0.09863281 0.09778357
2 0.87280273 0.69067797 0.13427734 0.15058670
2 0.97363281 0.83800522 0.05175781 0.18318123
2 0.78491211 0.82138201 0.11767578 0.14211213
2 0.95727539 0.65123859 0.08447266 0.17731421
2 0.76098633 0.95990874 0.13134766 0.07887875
