3 0.46557617 0.34745763 0.27246094 0.37157757
3 0.67651367 0.63722295 0.29736328 0.37548892
3 0.23120117 0.69915254 0.21142578 0.36440678
2 0.74169922 0.02705346 0.09667969 0.05410691
2 0.35449219 0.10821382 0.10058594 0.11342894
2 0.33129883 0.92438070 0.10498047 0.14993481
2 0.29370117 0.46577575 0.06396484 0.12711864
2 0.20068359 0.13852673 0.11328125 0.18448501
2 0.30859375 0.28292047 0.08593750 0.13820078
2 0.27001953 0.06453716 0.11230469 0.12907432
2 0.65209961 0.00651890 0.04833984 0.01303781
2 0.40185547 0.98533246 0.07128906 0.02803129
2 0.32519531 0.43155150 0.07128906 0.12385919
2 0.61767578 0.11668840 0.07714844 0.15775750
2 0.35449219 0.10821382 0.10058594 0.11342894
2 0.40966797 0.83735332 0.11132812 0.15189048
2 0.25146484 0.97946545 0.07421875 0.03976532
