2 0.80029297 0.43089961 0.09082031 0.11473272
2 0.53320312 0.79954368 0.09570312 0.13885267
2 0.51245117 0.03683181 0.07177734 0.07366362
2 0.53369141 0.53878748 0.10742188 0.13494133
2 0.61645508 0.08963494 0.16357422 0.17926988
2 0.74975586 0.10365059 0.12255859 0.09778357
2 0.03271484 0.64960887 0.06542969 0.13363755
2 0.08642578 0.91558018 0.11718750 0.16753585
2 0.63452148 0.59908735 0.12060547 0.13820078
2 0.42553711 0.09615385 0.14306641 0.19230769
2 0.01586914 0.92992177 0.03173828 0.13885267
2 0.51269531 0.98598435 0.08203125 0.02672751
2 0.75585938 0.05997392 0.12500000 0.11994785
2 0.50561523 0.21153846 0.14697266 0.22229465
2 0.87817383 0.53389831 0.11962891 0.13428944
1 0.29638672 0.08376793 0.16992188 0.16753585
1 0.49169922 0.43970013 0.88964844 0.58344198
1 0.10253906 0.25293351 0.20507812 0.50586701
