2 0.60717773 0.20958279 0.10205078 0.15580183
2 0.40380859 0.64960887 0.02929688 0.03455020
2 0.47705078 0.17470665 0.12792969 0.15514993
2 0.52416992 0.41720991 0.13818359 0.18513690
2 0.47241211 0.48468057 0.09912109 0.12451108
2 0.43432617 0.71577575 0.13427734 0.18644068
2 0.64453125 0.69947849 0.13867188 0.17731421
2 0.46630859 0.61342894 0.03125000 0.03780965
2 0.63989258 0.53650587 0.11962891 0.15384615
2 0.57202148 0.48859192 0.09228516 0.11799218
2 0.46582031 0.32790091 0.12500000 0.16818774
2 0.99804688 0.81584094 0.00292969 0.03715776
2 0.60937500 0.97522816 0.11132812 0.04823990
2 0.58911133 0.61538462 0.05224609 0.07822686
2 0.42114258 0.54889179 0.11962891 0.16949153
2 0.07519531 0.98956975 0.07421875 0.01955671
2 0.52734375 0.65743155 0.09960938 0.17144720
2 0.46508789 0.61408083 0.03369141 0.03911343
2 0.42895508 0.97392438 0.09912109 0.05084746
0 0.15209961 0.74739244 0.30322266 0.38657106
0 0.87890625 0.15906128 0.24121094 0.31681877
