3 0.53442383 0.65254237 0.27246094 0.37157757
3 0.32348633 0.36277705 0.29736328 0.37548892
3 0.76879883 0.30084746 0.21142578 0.36440678
2 0.25781250 0.97294654 0.09570312 0.05280313
2 0.64501953 0.89243807 0.10058594 0.11342894
2 0.66845703 0.07594524 0.10449219 0.15189048
2 0.70581055 0.53520209 0.06396484 0.12777053
2 0.79882812 0.86245111 0.11328125 0.18383312
2 0.69067383 0.71838331 0.08544922 0.13820078
2 0.72949219 0.93513690 0.11230469 0.12842243
2 0.34741211 0.99348110 0.04638672 0.01173403
2 0.59887695 0.01466754 0.07373047 0.02933507
2 0.67431641 0.56910039 0.07128906 0.12385919
2 0.38208008 0.88396349 0.07763672 0.15775750
2 0.64501953 0.89243807 0.10058594 0.11342894
2 0.58984375 0.16329857 0.11132812 0.15189048
2 0.74829102 0.02053455 0.07568359 0.04106910
