2 0.80004883 0.56877445 0.09130859 0.11408083
2 0.53320312 0.20078227 0.09472656 0.13950456
2 0.51245117 0.96251630 0.07177734 0.07366362
2 0.53369141 0.46056063 0.10742188 0.13494133
2 0.61645508 0.90971317 0.16357422 0.17926988
2 0.75000000 0.89602347 0.12207031 0.09713168
2 0.03271484 0.35006519 0.06542969 0.13428944
2 0.08642578 0.08376793 0.11718750 0.16753585
2 0.63427734 0.40026076 0.12109375 0.13820078
2 0.42553711 0.90286832 0.14208984 0.19295958
2 0.01586914 0.06942634 0.03173828 0.13885267
2 0.51269531 0.01368970 0.08203125 0.02737940
2 0.75561523 0.93937419 0.12451172 0.11994785
2 0.50561523 0.78780965 0.14697266 0.22229465
2 0.87817383 0.46544980 0.11865234 0.13428944
1 0.29638672 0.91558018 0.16992188 0.16753585
1 0.49169922 0.55997392 0.88964844 0.58409387
1 0.10253906 0.74641460 0.20507812 0.50586701
