3 0.38564349 0.45407909 0.27818787 0.36394529
3 0.60281065 0.73572787 0.28106509 0.39729904
3 0.64916992 0.14113429 0.27294922 0.28226858
2 0.11206055 0.82594524 0.10693359 0.13559322
2 0.20605469 0.30573664 0.08496094 0.13428944
2 0.82446289 0.27477184 0.12744141 0.14015645
2 0.47412109 0.22490222 0.09472656 0.08604954
2 0.22875977 0.10039113 0.13818359 0.15123859
2 0.33691406 0.24478488 0.10351562 0.11408083
2 0.15722656 0.19295958 0.12988281 0.14993481
2 0.07739258 0.70664928 0.11474609 0.14341591
2 0.91333008 0.36245111 0.12158203 0.14863103
2 0.44799805 0.26662321 0.09326172 0.09517601
2 0.21240234 0.65710561 0.11816406 0.10299870
2 0.20605469 0.30573664 0.08496094 0.13428944
2 0.03442383 0.47522816 0.06884766 0.13037810
2 0.75219727 0.37940026 0.11376953 0.14863103
2 0.91918945 0.00814863 0.07373047 0.01629726
2 0.90673828 0.16264668 0.12500000 0.15189048
