0 0.05102539 0.39895698 0.10205078 0.34419817
0 0.20336914 0.13885267 0.28173828 0.27770535
0 0.26660156 0.88168188 0.27636719 0.23533246
3 0.84252930 0.09582790 0.28955078 0.19165580
3 0.07885742 0.78846154 0.15771484 0.36571056
1 0.31640286 0.41328303 0.48241371 0.76950953
2 0.80615234 0.47946545 0.12695312 0.09582790
2 0.72631836 0.36212516 0.11474609 0.15449804
2 0.75463867 0.85202086 0.13330078 0.18513690
2 0.66284180 0.49771838 0.12451172 0.17405476
2 0.70751953 0.65743155 0.12597656 0.14928292
2 0.78930664 0.57855280 0.11279297 0.14928292
2 0.83642578 0.84615385 0.08203125 0.14341591
2 0.63232422 0.42079531 0.09960938 0.12451108
2 0.76611328 0.71382008 0.11914062 0.11864407
2 0.88037109 0.64993481 0.12304688 0.11212516
2 0.94580078 0.78520209 0.06835938 0.17535854
2 0.87011719 0.76629726 0.12402344 0.16492829
2 0.91259766 0.54498044 0.13867188 0.15645372
2 0.69433594 0.54726206 0.10156250 0.12972621
2 0.79541016 0.34973924 0.06933594 0.14537158
2 0.85156250 0.38559322 0.13574219 0.18187744
