2 0.06471893 0.16997477 0.12943787 0.16439552
2 0.23175542 0.07234272 0.11587771 0.14029774
2 0.04643245 0.39979407 0.08547091 0.16979703
2 0.17299556 0.65567294 0.11176775 0.13185479
2 0.33695020 0.20919086 0.10930227 0.17370744
2 0.35112673 0.04821531 0.11053501 0.09642733
2 0.40700937 0.49084951 0.10396203 0.14124242
2 0.25805664 0.93546284 0.11181641 0.12907432
2 0.45570266 0.12115710 0.09533284 0.16551137
2 0.69937623 0.10360301 0.10437130 0.18306875
2 0.55740385 0.30682621 0.11875493 0.14514955
2 0.73676775 0.29942011 0.11505671 0.17312483
2 0.57034763 0.44641954 0.20134862 0.13796728
2 0.51939596 0.59670727 0.10930227 0.14888222
2 0.81443047 0.56462078 0.10766026 0.14724630
2 0.78094181 0.71079402 0.13190335 0.15322713
2 0.65869576 0.87534095 0.11669872 0.19265717
