2 0.17968750 0.14178618 0.10498047 0.15449804
2 0.61669922 0.06910039 0.09863281 0.13820078
2 0.28222656 0.28226858 0.12988281 0.14602347
2 0.16162109 0.30117340 0.07226562 0.14732725
2 0.49316406 0.37581486 0.10595703 0.13885267
2 0.82617188 0.17698827 0.09667969 0.14928292
2 0.21630859 0.44100391 0.12402344 0.12711864
2 0.20312500 0.76629726 0.13720703 0.13950456
2 0.35522461 0.57659713 0.10888672 0.15840939
2 0.34985352 0.81616688 0.12988281 0.15384615
2 0.45996094 0.59387223 0.10351562 0.26857888
2 0.57250977 0.52574967 0.11132812 0.14602347
2 0.54833984 0.91981747 0.11035156 0.14341591
2 0.65795898 0.87516297 0.11474609 0.17601043
2 0.78125000 0.71186441 0.14453125 0.15580183
