0 0.22998047 0.14602347 0.20800781 0.29204694
0 0.78613281 0.18839635 0.17578125 0.36897001
3 0.19775391 0.88168188 0.14355469 0.23533246
3 0.71606445 0.02151239 0.27392578 0.04302477
1 0.43505859 0.28846154 0.57617188 0.57692308
2 0.48510742 0.90873533 0.07177734 0.16949153
2 0.39697266 0.80215124 0.11523438 0.15319426
2 0.76391602 0.83963494 0.13818359 0.17861799
2 0.49877930 0.71675359 0.13037109 0.16753585
2 0.61816406 0.77705346 0.11230469 0.16949153
2 0.55932617 0.88657106 0.11181641 0.15123859
2 0.75952148 0.94687093 0.10693359 0.10495437
2 0.44140625 0.67666232 0.09277344 0.13298566
2 0.66040039 0.85528031 0.08837891 0.15906128
2 0.60571289 0.96316819 0.06982422 0.07235984
2 0.69946289 0.95534550 0.12158203 0.08800522
2 0.53662109 0.97913950 0.09472656 0.04041721
2 0.53588867 0.75945241 0.09716797 0.13559322
2 0.38769531 0.89439374 0.10937500 0.09256845
2 0.41455078 0.93904824 0.13574219 0.12059974
