0 0.22949219 0.85365059 0.20800781 0.29139505
0 0.78588867 0.81160365 0.17626953 0.36897001
3 0.19726562 0.11799218 0.14355469 0.23598435
3 0.71606445 0.97848761 0.27392578 0.04302477
1 0.43505859 0.71153846 0.57617188 0.57692308
2 0.48461914 0.09126467 0.07177734 0.16949153
2 0.39697266 0.19752282 0.11523438 0.15254237
2 0.76367188 0.16036506 0.13867188 0.17861799
2 0.49829102 0.28324641 0.13037109 0.16753585
2 0.61767578 0.22294654 0.11230469 0.16949153
2 0.55883789 0.11342894 0.11181641 0.15123859
2 0.75878906 0.05280313 0.10742188 0.10560626
2 0.44067383 0.32301173 0.09326172 0.13233377
2 0.65991211 0.14471969 0.08837891 0.15906128
2 0.60522461 0.03715776 0.06982422 0.07431551
2 0.69873047 0.04432855 0.12207031 0.08865711
2 0.53613281 0.02086050 0.09472656 0.04172099
2 0.53540039 0.24054759 0.09716797 0.13559322
2 0.38720703 0.10560626 0.10937500 0.09256845
2 0.41406250 0.06062581 0.13574219 0.12125163
