2 0.32714844 0.45697523 0.11816406 0.15123859
2 0.46362305 0.87614081 0.10400391 0.15775750
2 0.42871094 0.37418514 0.04785156 0.08604954
2 0.58398438 0.79563233 0.13085938 0.14928292
2 0.42358398 0.65156454 0.13916016 0.17535854
2 0.76342773 0.76075619 0.06787109 0.12516297
2 0.35742188 0.34517601 0.12988281 0.18970013
2 0.53393555 0.66525424 0.10986328 0.16362451
2 0.20166016 0.52509778 0.14941406 0.17666232
2 0.36547852 0.62418514 0.06103516 0.13233377
2 0.25146484 0.37744459 0.08984375 0.10430248
2 0.28076172 0.64113429 0.12304688 0.15971317
2 0.85180664 0.71610169 0.12841797 0.14928292
2 0.23803711 0.30867014 0.06982422 0.07235984
2 0.45312500 0.45404172 0.12109375 0.16883963
2 0.71508789 0.78161669 0.09033203 0.13689700
2 0.29736328 0.53520209 0.06152344 0.07301173
2 0.08398438 0.55247718 0.01660156 0.04106910
2 0.45019531 0.55312907 0.11035156 0.07887875
0 0.83886719 0.25912647 0.32128906 0.37353325
