2 0.32763672 0.54367666 0.11816406 0.15254237
2 0.46411133 0.12451108 0.10400391 0.15775750
2 0.42919922 0.62581486 0.04785156 0.08604954
2 0.58447266 0.20469361 0.13085938 0.14993481
2 0.42431641 0.34941330 0.13964844 0.17470665
2 0.76391602 0.23924381 0.06787109 0.12516297
2 0.35791016 0.65482399 0.12988281 0.18970013
2 0.53442383 0.33474576 0.10986328 0.16362451
2 0.20239258 0.47522816 0.14892578 0.17601043
2 0.36596680 0.37548892 0.06005859 0.13168188
2 0.25170898 0.62255541 0.09033203 0.10430248
2 0.28149414 0.35886571 0.12353516 0.15971317
2 0.85229492 0.28389831 0.12841797 0.14928292
2 0.23852539 0.69132986 0.06982422 0.07235984
2 0.45361328 0.54661017 0.12109375 0.16883963
2 0.71557617 0.21903520 0.08935547 0.13559322
2 0.29760742 0.46512386 0.06201172 0.07366362
2 0.08447266 0.44719687 0.01562500 0.04041721
2 0.45068359 0.44687093 0.11035156 0.07887875
0 0.83911133 0.74152542 0.32080078 0.37483703
