2 0.06469727 0.83018253 0.12939453 0.16427640
2 0.23168945 0.92764016 0.11572266 0.14015645
2 0.04638672 0.60006519 0.08544922 0.16949153
2 0.17309570 0.34419817 0.11181641 0.13168188
2 0.33691406 0.79074316 0.10937500 0.17340287
2 0.35107422 0.95176010 0.11035156 0.09647979
2 0.40698242 0.50912647 0.10400391 0.14146023
2 0.25805664 0.06453716 0.11181641 0.12907432
2 0.45581055 0.87874837 0.09521484 0.16558018
2 0.69946289 0.89634941 0.10449219 0.18318123
2 0.55737305 0.69328553 0.11865234 0.14537158
2 0.73681641 0.70045632 0.11523438 0.17340287
2 0.57031250 0.55345502 0.20117188 0.13820078
2 0.51928711 0.40319426 0.10937500 0.14863103
2 0.81445312 0.43546284 0.10742188 0.14732725
2 0.78100586 0.28911343 0.13183594 0.15319426
2 0.65869141 0.12451108 0.11669922 0.19295958
