2 0.71118164 0.12059974 0.13330078 0.16166884
2 0.76293945 0.30997392 0.10888672 0.16492829
2 0.64208984 0.26597132 0.11669922 0.15254237
2 0.59545898 0.21219035 0.09863281 0.15058670
2 0.64550781 0.43155150 0.13671875 0.15449804
2 0.58715820 0.34843546 0.05615234 0.09713168
2 0.54174805 0.44393742 0.09033203 0.15645372
2 0.51416016 0.28357236 0.09082031 0.12190352
2 0.46875000 0.17144720 0.13769531 0.17470665
2 0.37011719 0.26108214 0.09814453 0.14928292
2 0.32690430 0.33409387 0.12060547 0.14732725
2 0.46166992 0.47099087 0.12695312 0.19426336
2 0.43188477 0.35691004 0.08056641 0.11082138
2 0.35693359 0.48468057 0.11474609 0.14928292
