2 0.35278320 0.83376793 0.10888672 0.15514993
2 0.74682617 0.49511082 0.05517578 0.13102999
2 0.39794922 0.94295958 0.11132812 0.11277705
2 0.63769531 0.27868318 0.09570312 0.11799218
2 0.65039062 0.67764016 0.09765625 0.09191656
2 0.63696289 0.59843546 0.09521484 0.10039113
2 0.21655273 0.66623207 0.18115234 0.37809648
2 0.72314453 0.99348110 0.01074219 0.01173403
2 0.17187500 0.35691004 0.09179688 0.13363755
2 0.67187500 0.53455020 0.04003906 0.04823990
2 0.69140625 0.48924381 0.07812500 0.13754889
2 0.31054688 0.14993481 0.12304688 0.18252934
2 0.63696289 0.59843546 0.09423828 0.09908735
2 0.51928711 0.56518905 0.09228516 0.07953064
2 0.69311523 0.47229465 0.06982422 0.10365059
2 0.58422852 0.84615385 0.28759766 0.30638853
2 0.69360352 0.46740548 0.07177734 0.09517601
2 0.77661133 0.85267275 0.10986328 0.15514993
2 0.18969727 0.18741851 0.10400391 0.15319426
2 0.62402344 0.40580183 0.10546875 0.15189048
2 0.53906250 0.48239896 0.11914062 0.13298566
3 0.46240234 0.26466754 0.26757812 0.40417210
