1 0.38085938 0.52053455 0.52929688 0.92046936
1 0.77221680 0.28324641 0.24853516 0.54237288
2 0.75024414 0.86245111 0.11572266 0.15906128
2 0.49829102 0.05932203 0.14013672 0.11864407
2 0.52270508 0.02835724 0.09130859 0.05671447
2 0.96557617 0.12516297 0.06884766 0.15645372
2 0.97070312 0.41264668 0.05761719 0.12385919
2 0.54687500 0.01890482 0.04589844 0.03780965
2 0.70385742 0.22555411 0.11181641 0.16558018
2 0.41723633 0.07040417 0.04736328 0.07561930
2 0.71508789 0.58246415 0.13134766 0.14015645
2 0.50390625 0.02835724 0.05175781 0.05671447
2 0.63500977 0.01857888 0.09130859 0.03715776
2 0.61889648 0.73565841 0.10205078 0.14928292
2 0.46484375 0.05867014 0.07421875 0.11734029
2 0.06665039 0.38265971 0.11474609 0.13820078
2 0.71020508 0.43415906 0.12353516 0.15645372
2 0.21923828 0.05932203 0.10449219 0.11864407
2 0.32885742 0.01368970 0.06884766 0.02737940
2 0.11645508 0.22946545 0.11962891 0.14732725
