2 0.75000000 0.30312907 0.11523438 0.14602347
2 0.49642505 0.82915326 0.09837278 0.07439009
2 0.84912109 0.36310300 0.12011719 0.14993481
2 0.33422852 0.68318123 0.08837891 0.12777053
2 0.63330078 0.69980443 0.06835938 0.13102999
2 0.57348633 0.68252934 0.07470703 0.12646675
2 0.62451172 0.12092568 0.28320312 0.24185137
2 0.91357422 0.75912647 0.09667969 0.11929596
2 0.94091797 0.44165580 0.11718750 0.14537158
2 0.39257812 0.06127771 0.10058594 0.12255541
2 0.52563477 0.72881356 0.03564453 0.05345502
2 0.00097656 0.11473272 0.00195312 0.01043025
2 0.49194336 0.75521512 0.10302734 0.10365059
2 0.23779297 0.24641460 0.13671875 0.16427640
2 0.57348633 0.68252934 0.07470703 0.12516297
2 0.54858398 0.52542373 0.06005859 0.12255541
2 0.47924805 0.75749674 0.07763672 0.09256845
2 0.80444336 0.61212516 0.32080078 0.38331160
2 0.96655273 0.75717080 0.01025391 0.02020860
2 0.47534180 0.75782269 0.07177734 0.09582790
2 0.97756410 0.80644124 0.04487179 0.13495547
2 0.76416016 0.86864407 0.11621094 0.14667536
2 0.26586914 0.08539765 0.11474609 0.13950456
2 0.42919922 0.66492829 0.11425781 0.14080834
2 0.48681641 0.55149935 0.09960938 0.15906128
2 0.03857422 0.36897001 0.07714844 0.14863103
3 0.32373047 0.44915254 0.30273438 0.35723598
