2 0.64746094 0.83376793 0.10937500 0.15514993
2 0.25366211 0.49511082 0.05517578 0.13102999
2 0.60253906 0.94263364 0.11230469 0.11342894
2 0.36279297 0.27868318 0.09570312 0.11799218
2 0.35009766 0.67764016 0.09765625 0.09191656
2 0.36352539 0.59843546 0.09521484 0.10039113
2 0.78369141 0.66623207 0.18066406 0.37809648
2 0.27734375 0.99348110 0.01074219 0.01173403
2 0.82836914 0.35625815 0.09130859 0.13494133
2 0.32861328 0.53455020 0.04003906 0.04823990
2 0.30908203 0.48924381 0.07812500 0.13754889
2 0.68994141 0.14993481 0.12304688 0.18252934
2 0.36352539 0.59810952 0.09423828 0.09973924
2 0.48144531 0.56486310 0.09179688 0.08018253
2 0.30737305 0.47229465 0.06982422 0.10365059
2 0.41674805 0.84582790 0.28662109 0.30704042
2 0.30712891 0.46707953 0.07128906 0.09582790
2 0.22387695 0.85267275 0.10986328 0.15514993
2 0.81054688 0.18741851 0.10449219 0.15319426
2 0.37646484 0.40547588 0.10546875 0.15254237
2 0.46142578 0.48239896 0.11914062 0.13298566
3 0.53784180 0.26466754 0.26708984 0.40417210
