1 0.61920611 0.52040147 0.52933925 0.92033050
1 0.22785256 0.28322546 0.24860207 0.54231034
2 0.24951172 0.86245111 0.11621094 0.15906128
2 0.50122070 0.05932203 0.14013672 0.11864407
2 0.47680664 0.02835724 0.09130859 0.05671447
2 0.03417969 0.12516297 0.06835938 0.15514993
2 0.02880859 0.41264668 0.05761719 0.12385919
2 0.45288086 0.01890482 0.04638672 0.03780965
2 0.29565430 0.22555411 0.11181641 0.16558018
2 0.58227539 0.07040417 0.04736328 0.07561930
2 0.28442383 0.58246415 0.13232422 0.14015645
2 0.49560547 0.02835724 0.05175781 0.05671447
2 0.36450195 0.01857888 0.09130859 0.03715776
2 0.38085938 0.73565841 0.10253906 0.14928292
2 0.53466797 0.05932203 0.07421875 0.11864407
2 0.93286133 0.38265971 0.11474609 0.13820078
2 0.28930664 0.43415906 0.12451172 0.15645372
2 0.78027344 0.05932203 0.10449219 0.11864407
2 0.67065430 0.01336375 0.06884766 0.02672751
2 0.88330078 0.22946545 0.12011719 0.14732725
