1 0.61914062 0.47946545 0.52929688 0.92046936
1 0.22778320 0.71675359 0.24853516 0.54237288
2 0.24975586 0.13787484 0.11572266 0.15840939
2 0.50170898 0.94035202 0.14013672 0.11799218
2 0.47729492 0.97164276 0.09130859 0.05541069
2 0.03466797 0.87483703 0.06835938 0.15514993
2 0.02929688 0.58767927 0.05761719 0.12451108
2 0.45336914 0.98076923 0.04638672 0.03715776
2 0.29614258 0.77477184 0.11181641 0.16623207
2 0.58276367 0.92959583 0.04736328 0.07561930
2 0.28491211 0.41786180 0.13134766 0.13950456
2 0.49633789 0.97131682 0.05126953 0.05606258
2 0.36499023 0.98109518 0.09130859 0.03650587
2 0.38134766 0.26466754 0.10253906 0.14863103
2 0.53515625 0.94067797 0.07421875 0.11734029
2 0.93334961 0.61734029 0.11474609 0.13820078
2 0.28979492 0.56584094 0.12451172 0.15645372
2 0.78076172 0.94035202 0.10449219 0.11799218
2 0.67114258 0.98598435 0.06884766 0.02672751
2 0.88378906 0.77053455 0.12011719 0.14732725
