2 0.78417969 0.21805737 0.12109375 0.17796610
2 0.64233398 0.14895698 0.12353516 0.14537158
2 0.67529297 0.31029987 0.11425781 0.15580183
2 0.71557617 0.37255541 0.11279297 0.13168188
2 0.55126953 0.30573664 0.11572266 0.18252934
2 0.61352539 0.38363755 0.07275391 0.07496741
2 0.54199219 0.44426336 0.11718750 0.12059974
2 0.66210938 0.48109518 0.09130859 0.12125163
2 0.74609375 0.54172099 0.13085938 0.18383312
2 0.67895508 0.67340287 0.11181641 0.13102999
2 0.62426758 0.73109518 0.11035156 0.16101695
2 0.52172852 0.55117340 0.14550781 0.16949153
2 0.60717773 0.59093872 0.08300781 0.10756193
2 0.51147461 0.69100391 0.11181641 0.15319426
