2 0.34863281 0.95176010 0.11523438 0.09647979
2 0.12011719 0.92242503 0.12500000 0.15514993
2 0.02465820 0.84647979 0.04687500 0.17079531
2 0.00585938 0.64504563 0.01171875 0.13624511
2 0.09472656 0.69328553 0.11035156 0.14146023
2 0.19287109 0.75717080 0.13427734 0.15906128
2 0.54272461 0.93741851 0.18066406 0.12059974
2 0.55932617 0.89406780 0.08544922 0.12516297
2 0.63696289 0.76368970 0.11767578 0.13233377
2 0.74316406 0.93970013 0.20410156 0.12059974
2 0.95117188 0.88363755 0.09765625 0.17926988
2 0.81518555 0.43872229 0.11914062 0.16688396
2 0.18115234 0.34843546 0.10839844 0.12711864
2 0.17260742 0.17829205 0.12597656 0.15123859
2 0.26074219 0.06616688 0.12011719 0.13233377
2 0.78173828 0.28194263 0.13378906 0.15189048
