2 0.34866124 0.04821531 0.11546598 0.09642733
2 0.12011719 0.07757497 0.12500000 0.15514993
2 0.02465483 0.15352008 0.04684418 0.17098529
2 0.00595907 0.35509418 0.01191568 0.13635440
2 0.09471647 0.30655300 0.11053501 0.14130826
2 0.19292406 0.24292644 0.13436884 0.15888538
2 0.54281805 0.06247122 0.18080128 0.12055803
2 0.55925296 0.10607829 0.08547091 0.12547567
2 0.63691568 0.23634653 0.11752219 0.13255919
2 0.74313856 0.06027901 0.20422337 0.12055803
2 0.95118343 0.11649291 0.09763314 0.17922745
2 0.81525394 0.56132919 0.11916420 0.16699588
2 0.18121302 0.65155844 0.10848126 0.12692069
2 0.17258383 0.82159246 0.12573964 0.15099213
2 0.26074219 0.93383312 0.12011719 0.13233377
2 0.78176282 0.71820011 0.13354783 0.15157804
