2 0.65136719 0.95176010 0.11523438 0.09647979
2 0.87988281 0.92242503 0.12500000 0.15514993
2 0.97534180 0.84647979 0.04687500 0.17079531
2 0.99414062 0.64504563 0.01171875 0.13624511
2 0.90527344 0.69328553 0.11035156 0.14146023
2 0.80712891 0.75717080 0.13427734 0.15906128
2 0.45727539 0.93741851 0.18066406 0.12059974
2 0.44067383 0.89406780 0.08544922 0.12516297
2 0.36303711 0.76368970 0.11767578 0.13233377
2 0.25683594 0.93970013 0.20410156 0.12059974
2 0.04882812 0.88363755 0.09765625 0.17926988
2 0.18481445 0.43872229 0.11914062 0.16688396
2 0.81884766 0.34843546 0.10839844 0.12711864
2 0.82739258 0.17829205 0.12597656 0.15123859
2 0.73925781 0.06616688 0.12011719 0.13233377
2 0.21826172 0.28194263 0.13378906 0.15189048
