2 0.21593442 0.21796626 0.12122041 0.17809185
2 0.35769970 0.14885918 0.12368590 0.14520880
2 0.32462278 0.31039101 0.11423323 0.15556745
2 0.28435158 0.37264827 0.11259122 0.13196012
2 0.44871795 0.30572681 0.11587771 0.18244663
2 0.38646450 0.38362245 0.07273176 0.07491345
2 0.45796351 0.44422734 0.11711045 0.12041649
2 0.33777120 0.48097802 0.09122288 0.12149943
2 0.25394477 0.54185281 0.13067061 0.18400685
2 0.32092456 0.67350023 0.11176775 0.13130180
2 0.37578156 0.73108672 0.11053501 0.16089984
2 0.47830375 0.55118119 0.14546351 0.16974107
2 0.39283284 0.59095356 0.08300542 0.10774713
2 0.48857742 0.69104773 0.11176775 0.15323371
