2 0.27734375 0.48826597 0.13085938 0.13820078
2 0.52807617 0.42764016 0.11181641 0.17861799
2 0.46289062 0.34289439 0.12695312 0.17079531
2 0.45239258 0.50521512 0.13037109 0.16558018
2 0.32958984 0.34093872 0.13378906 0.17079531
2 0.18261719 0.57040417 0.07714844 0.15254237
2 0.30932617 0.57138201 0.05712891 0.06584094
2 0.21240234 0.37581486 0.15234375 0.17275098
2 0.38500977 0.42633638 0.09326172 0.11603651
2 0.22656250 0.62125163 0.13964844 0.17340287
2 0.50317383 0.59452412 0.12548828 0.15254237
2 0.19946289 0.28487614 0.10400391 0.05475880
2 0.62939453 0.60365059 0.11718750 0.13298566
2 0.38940430 0.54530639 0.08837891 0.12842243
2 0.35668945 0.63917862 0.12451172 0.15710561
2 0.64013672 0.42731421 0.10937500 0.17926988
0 0.06372070 0.54823990 0.11523438 0.38787484
0 0.90063477 0.58539765 0.19873047 0.38331160
