2 0.49169922 0.79661017 0.10351562 0.17470665
2 0.44604492 0.46186441 0.13330078 0.14928292
2 0.38281250 0.54921773 0.12792969 0.16883963
2 0.50415039 0.56290743 0.12353516 0.17405476
2 0.38134766 0.72653194 0.12792969 0.17926988
2 0.55297852 0.92307692 0.11474609 0.10299870
2 0.55371094 0.75391134 0.04980469 0.07627119
2 0.40747070 0.88331160 0.12939453 0.20338983
2 0.44531250 0.65319426 0.08691406 0.12385919
2 0.59130859 0.86440678 0.12988281 0.18644068
2 0.57128906 0.49511082 0.11425781 0.16753585
2 0.33935547 0.90058670 0.04101562 0.13885267
2 0.57788086 0.32659713 0.10009766 0.15645372
2 0.53442383 0.64700130 0.09619141 0.11799218
2 0.60449219 0.69100391 0.11816406 0.16558018
2 0.44580078 0.31258149 0.13476562 0.14537158
0 0.56396484 0.04889179 0.28710938 0.09778357
