1 0.35571289 0.50000000 0.46044922 0.86962190
2 0.23486328 0.05084746 0.11523438 0.10169492
2 0.79174805 0.66688396 0.03662109 0.05084746
2 0.86279297 0.52183833 0.02343750 0.09713168
2 0.81347656 0.60136897 0.11425781 0.17666232
2 0.31689453 0.51401565 0.11132812 0.13885267
2 0.85595703 0.37679270 0.03613281 0.13950456
2 0.82250977 0.88363755 0.10302734 0.15840939
2 0.75781250 0.25814863 0.11816406 0.14602347
2 0.37573242 0.04856584 0.11181641 0.09713168
2 0.45336914 0.12157757 0.10009766 0.07496741
2 0.86499023 0.73989570 0.01806641 0.11082138
1 0.64721680 0.11505867 0.45458984 0.23011734
