2 0.03344727 0.23565841 0.06689453 0.16753585
2 0.42365138 0.04559520 0.12984961 0.09119040
2 0.27490138 0.82036799 0.14792899 0.14854319
2 0.27859961 0.94052774 0.16025641 0.09261895
2 0.71519477 0.04559520 0.12861686 0.09119040
2 0.86230276 0.05794198 0.11711045 0.10162147
2 0.70718195 0.16247322 0.14464250 0.12964284
2 0.77375000 0.25081310 0.11012574 0.11540997
2 0.84031805 0.18826618 0.13478057 0.17464555
2 0.95303254 0.12708527 0.09393491 0.18724249
2 0.74375493 0.39073230 0.14381903 0.15167679
2 0.78155819 0.57180305 0.12080868 0.14515942
2 0.87134369 0.46316718 0.11546598 0.19120886
2 0.95857988 0.41789785 0.08284024 0.17637693
2 0.96264648 0.59126467 0.07470703 0.14471969
2 0.85757643 0.73943421 0.11998767 0.17429993
