2 0.15966797 0.60202086 0.06835938 0.17340287
2 0.73999023 0.80052151 0.11132812 0.19752282
2 0.83007812 0.79563233 0.06933594 0.21382008
2 0.15966797 0.21284224 0.06835938 0.17144720
2 0.16894531 0.04726206 0.07617188 0.09452412
2 0.24707031 0.22327249 0.09716797 0.19295958
2 0.31323242 0.13461538 0.08642578 0.14732725
2 0.26660156 0.06779661 0.13085938 0.13559322
2 0.41821289 0.17470665 0.11376953 0.19230769
2 0.55371094 0.12418514 0.10888672 0.16101695
2 0.47241211 0.04041721 0.14306641 0.08083442
2 0.67944336 0.05117340 0.13037109 0.10234681
