2 0.15063477 0.63722295 0.12060547 0.14928292
2 0.25024414 0.69687093 0.11572266 0.14602347
2 0.49926758 0.15449804 0.08740234 0.06518905
2 0.38720703 0.29432855 0.10156250 0.09452412
2 0.08251953 0.24185137 0.09960938 0.12255541
2 0.05981445 0.55867014 0.11865234 0.14471969
2 0.51879883 0.21903520 0.08837891 0.10691004
2 0.65893555 0.76173403 0.12744141 0.17014342
2 0.38818359 0.29498044 0.10156250 0.09452412
2 0.60351562 0.32203390 0.08789062 0.13820078
2 0.36816406 0.22848761 0.09570312 0.07627119
2 0.02197266 0.19393742 0.04296875 0.13494133
2 0.23559570 0.13168188 0.11572266 0.14602347
2 0.99438477 0.47359844 0.01025391 0.08279009
2 0.74584961 0.89080834 0.11669922 0.13624511
2 0.60058594 0.93904824 0.11425781 0.12059974
2 0.45751953 0.46382008 0.09960938 0.14928292
2 0.51025391 0.34159061 0.11425781 0.14080834
2 0.96118164 0.63102999 0.07666016 0.14863103
2 0.51855469 0.21838331 0.08789062 0.10560626
2 0.85375977 0.29595828 0.29003906 0.36375489
2 0.37548828 0.88070404 0.28320312 0.23859192
2 0.19531250 0.39993481 0.31494141 0.37940026
