2 0.21923828 0.20632334 0.12792969 0.14471969
2 0.35717773 0.15938722 0.11523438 0.17275098
2 0.19335938 0.36277705 0.14990234 0.13885267
2 0.31250000 0.32790091 0.10253906 0.20404172
2 0.45556641 0.30312907 0.13183594 0.17405476
2 0.38378906 0.42535854 0.14404297 0.19752282
2 0.25268555 0.53585398 0.14306641 0.19165580
2 0.35351562 0.60919166 0.13525391 0.16753585
2 0.49218750 0.55019557 0.11425781 0.16753585
2 0.49023438 0.68774446 0.11523438 0.12059974
2 0.37402344 0.74315515 0.12695312 0.13233377
2 0.28369141 0.69067797 0.05468750 0.09647979
