1 0.50000000 0.69263364 0.65136719 0.61473272
2 0.13330078 0.85332464 0.13378906 0.15384615
2 0.62451172 0.10984355 0.03808594 0.04889179
2 0.51660156 0.01564537 0.07226562 0.03129074
2 0.57519531 0.08083442 0.13281250 0.15254237
2 0.03417969 0.12516297 0.06835938 0.15645372
2 0.51000977 0.74380704 0.10400391 0.14863103
2 0.94287109 0.22327249 0.11328125 0.14537158
2 0.40722656 0.02411995 0.10449219 0.04823990
2 0.96801758 0.99478488 0.05517578 0.00912647
2 0.78662109 0.06877445 0.11914062 0.13754889
2 0.31860352 0.15514993 0.10888672 0.15775750
2 0.13232422 0.66590613 0.13085938 0.14928292
2 0.93920898 0.39341591 0.12060547 0.13363755
2 0.21630859 0.56127771 0.05566406 0.13428944
2 0.02880859 0.41232073 0.05761719 0.12451108
2 0.67919922 0.01205997 0.08300781 0.02411995
1 0.19384766 0.30345502 0.20800781 0.60691004
