2 0.71997070 0.87483703 0.10839844 0.17079531
2 0.75512695 0.69067797 0.12939453 0.15384615
2 0.60278320 0.90449804 0.10400391 0.19100391
2 0.62890625 0.75032595 0.15283203 0.13689700
2 0.64746094 0.55932203 0.13037109 0.17601043
2 0.55590820 0.65514993 0.14794922 0.19230769
2 0.47314453 0.83018253 0.14355469 0.19100391
2 0.41821289 0.69556714 0.12548828 0.18057366
2 0.46240234 0.51043025 0.12548828 0.15254237
2 0.35937500 0.51303781 0.09033203 0.15384615
2 0.31787109 0.66818774 0.09912109 0.16949153
2 0.35717773 0.78878748 0.07226562 0.07301173
