2 0.84936523 0.36310300 0.12060547 0.14993481
2 0.75000000 0.30312907 0.11523438 0.14602347
2 0.50048828 0.84550196 0.08691406 0.06518905
2 0.61254883 0.70567145 0.10107422 0.09452412
2 0.91748047 0.75814863 0.09960938 0.12255541
2 0.94018555 0.44165580 0.11865234 0.14537158
2 0.48144531 0.78129074 0.08886719 0.10756193
2 0.34106445 0.23826597 0.12744141 0.17014342
2 0.61181641 0.70534550 0.10156250 0.09387223
2 0.39648438 0.67796610 0.08789062 0.13820078
2 0.63183594 0.77151239 0.09570312 0.07627119
2 0.97802734 0.80606258 0.04296875 0.13494133
2 0.76440430 0.86831812 0.11572266 0.14602347
2 0.00537109 0.52640156 0.01074219 0.08279009
2 0.25415039 0.10951760 0.11669922 0.13559322
2 0.39941406 0.06095176 0.11425781 0.12190352
2 0.54248047 0.53617992 0.09960938 0.14928292
2 0.48974609 0.65906128 0.11425781 0.14080834
2 0.03833008 0.36897001 0.07666016 0.14863103
2 0.48168945 0.78161669 0.08740234 0.10560626
2 0.14628452 0.70419437 0.29010602 0.36385312
2 0.62451172 0.11929596 0.28320312 0.23859192
2 0.80456854 0.59997583 0.31476085 0.37924792
