2 0.21922337 0.20617576 0.12779339 0.14463935
2 0.35708333 0.15927708 0.11505671 0.17262780
2 0.19333580 0.36277348 0.14998274 0.13854661
2 0.31250000 0.32793851 0.10231755 0.20382885
2 0.45549803 0.30325812 0.13190335 0.17422093
2 0.38379438 0.42529736 0.14381903 0.19776243
2 0.25271203 0.53581931 0.14299803 0.19168615
2 0.35359221 0.60932067 0.13518984 0.16752582
2 0.49227564 0.55008180 0.11423323 0.16754887
2 0.49021943 0.68775943 0.11505671 0.12032433
2 0.37413708 0.74315700 0.12697239 0.13237157
2 0.28373521 0.69078111 0.05465237 0.09674003
