2 0.84985352 0.63722295 0.12060547 0.14928292
2 0.75048828 0.69719687 0.11621094 0.14537158
2 0.50097656 0.15449804 0.08691406 0.06518905
2 0.61279297 0.29400261 0.10156250 0.09387223
2 0.91796875 0.24185137 0.09960938 0.12255541
2 0.94042969 0.55867014 0.11816406 0.14471969
2 0.48168945 0.21903520 0.08837891 0.10691004
2 0.34155273 0.76173403 0.12744141 0.17014342
2 0.61230469 0.29498044 0.10156250 0.09452412
2 0.39697266 0.32235984 0.08789062 0.13754889
2 0.63232422 0.22848761 0.09570312 0.07627119
2 0.97827148 0.19393742 0.04248047 0.13494133
2 0.76489258 0.13168188 0.11572266 0.14602347
2 0.00585938 0.47359844 0.01074219 0.08279009
2 0.25463867 0.89080834 0.11669922 0.13624511
2 0.39990234 0.93904824 0.11425781 0.12059974
2 0.54272461 0.46414602 0.10009766 0.14863103
2 0.49023438 0.34126467 0.11425781 0.14146023
2 0.03906250 0.63102999 0.07714844 0.14863103
2 0.48217773 0.21870926 0.08740234 0.10495437
2 0.14624023 0.29595828 0.29003906 0.36375489
2 0.62451172 0.88070404 0.28320312 0.23859192
2 0.80468750 0.39993481 0.31494141 0.37940026
