1 0.64428711 0.50000000 0.46044922 0.86962190
2 0.76513672 0.94882660 0.11523438 0.10104302
2 0.20800781 0.33344198 0.03613281 0.05019557
2 0.13769531 0.47718383 0.02343750 0.09647979
2 0.18652344 0.39928292 0.11425781 0.17666232
2 0.68310547 0.48663625 0.11132812 0.13885267
2 0.14404297 0.62320730 0.03613281 0.13950456
2 0.17749023 0.11668840 0.10302734 0.15906128
2 0.24243164 0.74185137 0.11669922 0.14602347
2 0.62451172 0.95143416 0.11230469 0.09582790
2 0.54638672 0.87874837 0.10058594 0.07431551
2 0.13500977 0.26010430 0.01806641 0.11082138
1 0.35278320 0.88494133 0.45458984 0.23011734
