3 0.33972633 0.70806858 0.29730276 0.40452080
2 0.70751953 0.02346806 0.10546875 0.04693611
2 0.52905273 0.25814863 0.09912109 0.14993481
2 0.51464844 0.50782269 0.11914062 0.14863103
2 0.94702148 0.11734029 0.10498047 0.16166884
2 0.42749023 0.03943937 0.11962891 0.07887875
2 0.35644531 0.16883963 0.10937500 0.18122555
2 0.63769531 0.36766623 0.10546875 0.14471969
2 0.50268555 0.13657106 0.10107422 0.13102999
2 0.11376953 0.52574967 0.11523438 0.12972621
2 0.56738281 0.66232073 0.11035156 0.14471969
2 0.54199219 0.84973924 0.11035156 0.16101695
2 0.96386719 0.59745763 0.07128906 0.14146023
2 0.86547852 0.42568449 0.11474609 0.13820078
2 0.85107422 0.06258149 0.11621094 0.12516297
