2 0.78417969 0.35984355 0.08886719 0.13689700
2 0.65356445 0.43024772 0.10595703 0.13559322
2 0.25732422 0.36049544 0.11718750 0.14732725
2 0.71655273 0.20143416 0.10888672 0.09778357
2 0.39013672 0.99380704 0.03906250 0.01108214
2 0.14672852 0.40743155 0.04150391 0.13168188
2 0.42114258 0.52509778 0.12255859 0.17275098
2 0.72143555 0.32235984 0.11767578 0.17275098
2 0.63134766 0.27966102 0.09765625 0.12907432
2 0.52758789 0.48337679 0.10302734 0.15319426
2 0.44213867 0.91786180 0.11962891 0.16297262
2 0.20117188 0.93709257 0.12792969 0.12451108
0 0.61865234 0.11245111 0.29394531 0.22490222
