1 0.59985352 0.53715776 0.49267578 0.92568449
1 0.82421875 0.52574967 0.34619141 0.80573664
2 0.96508789 0.83181226 0.06884766 0.13689700
2 0.74194336 0.90254237 0.11181641 0.13754889
2 0.17822266 0.36929596 0.12207031 0.14928292
2 0.01855469 0.86897001 0.03710938 0.13689700
2 0.06469727 0.29074316 0.12939453 0.15514993
2 0.49023438 0.17079531 0.10839844 0.17340287
2 0.82983398 0.40482399 0.07470703 0.14993481
2 0.28930664 0.32235984 0.11181641 0.16753585
2 0.01245117 0.49152542 0.02490234 0.09256845
2 0.71777344 0.97750978 0.10351562 0.04367666
2 0.90332031 0.93904824 0.11035156 0.12059974
