1 0.37980769 0.81022658 0.48594675 0.37754617
1 0.24839744 0.31994322 0.48643984 0.63988644
1 0.71375740 0.49010561 0.43392505 0.76516133
1 0.84936523 0.60625815 0.30126953 0.78748370
0 0.60096154 0.46427974 0.26503945 0.36460032
3 0.22753906 0.18807040 0.27539062 0.37614081
3 0.87043886 0.10486699 0.25912229 0.20973068
0 0.04930966 0.70516210 0.08629191 0.39212136
2 0.06903353 0.04779070 0.12573964 0.09558139
2 0.03061391 0.14985324 0.06122535 0.15048852
2 0.53603797 0.02968033 0.13518984 0.04838647
2 0.63773915 0.06864625 0.15861193 0.13728922
