1 0.59997535 0.46279853 0.49285010 0.92559705
1 0.82433432 0.47431912 0.34640039 0.80578292
2 0.96508789 0.16753585 0.06884766 0.13689700
2 0.74194336 0.09713168 0.11181641 0.13820078
2 0.17822266 0.63037810 0.12207031 0.14993481
2 0.01855469 0.13037810 0.03710938 0.13689700
2 0.06469727 0.70893090 0.12939453 0.15580183
2 0.49023438 0.82855280 0.10839844 0.17340287
2 0.82983398 0.59452412 0.07470703 0.14993481
2 0.28930664 0.67698827 0.11181641 0.16753585
2 0.01245117 0.50782269 0.02490234 0.09256845
2 0.71777344 0.02216428 0.10351562 0.04432855
2 0.90332031 0.06062581 0.11035156 0.12125163
