2 0.55566406 0.30312907 0.06152344 0.14080834
2 0.28930664 0.02672751 0.10791016 0.05345502
2 0.66577148 0.07464146 0.11376953 0.14928292
2 0.03881836 0.34191656 0.07763672 0.15058670
2 0.65527344 0.27835724 0.11132812 0.13559322
2 0.12744141 0.38722295 0.11914062 0.13428944
2 0.05102539 0.04237288 0.10205078 0.08474576
2 0.05322266 0.96903520 0.10644531 0.06062581
2 0.90649414 0.79498044 0.10009766 0.15840939
1 0.05688477 0.19654498 0.11376953 0.22229465
1 0.10351562 0.86571056 0.20703125 0.12255541
1 0.48559570 0.47425033 0.36181641 0.93807040
1 0.68310547 0.55475880 0.50195312 0.64667536
1 0.88818359 0.27216428 0.22265625 0.54432855
3 0.77565335 0.50151758 0.27911489 0.39628523
3 0.47551775 0.10387951 0.26809418 0.19349652
3 0.14990631 0.64276000 0.28995069 0.37264827
