1 0.62011719 0.81029987 0.48583984 0.37744459
1 0.75170898 0.32007823 0.48632812 0.64015645
1 0.28613281 0.49022164 0.43408203 0.76531943
1 0.15063477 0.60625815 0.30126953 0.78748370
0 0.39892578 0.46414602 0.26513672 0.36440678
3 0.77246094 0.18807040 0.27539062 0.37614081
3 0.12963867 0.10495437 0.25927734 0.20990874
0 0.95068359 0.70501956 0.08642578 0.39243807
2 0.93090820 0.04791395 0.12597656 0.09582790
2 0.96948242 0.14993481 0.06103516 0.15058670
2 0.46386719 0.02966102 0.13525391 0.04823990
2 0.36230469 0.06877445 0.15869141 0.13754889
