3 0.33984375 0.29204694 0.29736328 0.40482399
2 0.70776367 0.97620600 0.10498047 0.04628422
2 0.52954102 0.74185137 0.10009766 0.15123859
2 0.51489258 0.49217731 0.11962891 0.14732725
2 0.94702148 0.88200782 0.10498047 0.16166884
2 0.42749023 0.96023468 0.11962891 0.07822686
2 0.35644531 0.83083442 0.10937500 0.18057366
2 0.63745117 0.63168188 0.10595703 0.14471969
2 0.50268555 0.86310300 0.10107422 0.13037810
2 0.11376953 0.47359844 0.11523438 0.12972621
2 0.56738281 0.33735332 0.11035156 0.14537158
2 0.54223633 0.14993481 0.10986328 0.16166884
2 0.96411133 0.40189048 0.07080078 0.14146023
2 0.86547852 0.57366362 0.11474609 0.13820078
2 0.85083008 0.93644068 0.11669922 0.12581486
