2 0.35253906 0.57496741 0.10449219 0.08213820
2 0.14550781 0.21936115 0.04003906 0.14406780
2 0.18139648 0.72229465 0.11181641 0.15123859
2 0.33398438 0.70795306 0.10156250 0.14863103
2 0.41577148 0.04074316 0.10009766 0.08148631
2 0.67163086 0.98794003 0.01611328 0.02281617
1 0.78833008 0.05475880 0.06103516 0.10951760
1 0.48046875 0.48109518 0.70214844 0.48370274
1 0.54077148 0.70436767 0.48486328 0.58996089
1 0.27368164 0.93481095 0.29638672 0.12907432
3 0.50097656 0.84061278 0.29687500 0.31877445
3 0.20336914 0.46740548 0.14501953 0.35788787
3 0.60693359 0.11310300 0.27929688 0.22620600
