2 0.44384766 0.30312907 0.06152344 0.14080834
2 0.71020508 0.02672751 0.10791016 0.05345502
2 0.33374023 0.07464146 0.11376953 0.14928292
2 0.96069336 0.34191656 0.07763672 0.15058670
2 0.34448242 0.27835724 0.11083984 0.13559322
2 0.87207031 0.38722295 0.11914062 0.13428944
2 0.94848633 0.04237288 0.10205078 0.08474576
2 0.94628906 0.96870926 0.10644531 0.06127771
2 0.09301758 0.79530639 0.10009766 0.15775750
1 0.94262695 0.19621904 0.11376953 0.22294654
1 0.89599609 0.86571056 0.20703125 0.12255541
1 0.51391602 0.47425033 0.36181641 0.93807040
1 0.31665039 0.55443286 0.50244141 0.64732725
1 0.11132812 0.27216428 0.22265625 0.54432855
3 0.22436523 0.50162973 0.27929688 0.39634941
3 0.52441406 0.10397653 0.26806641 0.19361147
3 0.85009766 0.64276402 0.29003906 0.37288136
