3 0.34423828 0.71382008 0.30322266 0.39700130
2 0.85693359 0.22294654 0.03515625 0.14146023
2 0.68115234 0.46056063 0.11328125 0.13363755
2 0.49389648 0.48044329 0.11083984 0.15906128
2 0.84448242 0.59680574 0.05908203 0.15971317
2 0.74755859 0.69165580 0.13574219 0.14602347
2 0.59863281 0.31649283 0.10839844 0.14146023
2 0.77172852 0.49674055 0.09814453 0.13428944
2 0.48071289 0.96903520 0.09521484 0.06062581
2 0.37841797 0.41003911 0.10839844 0.14732725
2 0.23803711 0.44393742 0.12060547 0.14732725
2 0.55566406 0.04432855 0.10253906 0.08865711
2 0.82714844 0.05475880 0.09472656 0.10951760
