2 0.39477539 0.87907432 0.10205078 0.11929596
2 0.44775391 0.70404172 0.10156250 0.14211213
2 0.39526367 0.17535854 0.10986328 0.15645372
2 0.27636719 0.78846154 0.07324219 0.14537158
2 0.92407227 0.36766623 0.11767578 0.14602347
2 0.43090820 0.02770535 0.09912109 0.05541069
2 0.51879883 0.39439374 0.12939453 0.16297262
2 0.36694336 0.79498044 0.12939453 0.15710561
2 0.33471680 0.67503259 0.09716797 0.12972621
2 0.96801758 0.74445893 0.06298828 0.13689700
2 0.48754883 0.53617992 0.11474609 0.13754889
2 0.81616211 0.42209909 0.12841797 0.15971317
2 0.94970703 0.05867014 0.09960938 0.11734029
2 0.84057617 0.10006519 0.11962891 0.17144720
2 0.93994141 0.19882660 0.11914062 0.16688396
0 0.14672852 0.65873533 0.29345703 0.39439374
