3 0.43603515625 0.7578226857887875 0.28955078125 0.39960886571056065
2 0.77783203125 0.20664928292046936 0.11181640625 0.17861799217731422
2 0.671142578125 0.12842242503259452 0.1123046875 0.1773142112125163
2 0.829345703125 0.46903520208604954 0.09033203125 0.16753585397653195
2 0.678466796875 0.32985658409387225 0.1201171875 0.15189048239895697
2 0.597900390625 0.25391134289439377 0.10400390625 0.13233376792698825
2 0.5556640625 0.09289439374185136 0.111328125 0.15189048239895697
2 0.438720703125 0.07561929595827901 0.09423828125 0.13754889178617993
2 0.43017578125 0.21544980443285527 0.11376953125 0.14341590612777053
2 0.499755859375 0.311277705345502 0.09521484375 0.14015645371577576
2 0.33154296875 0.054758800521512385 0.1064453125 0.10951760104302477
2 0.681884765625 0.7871577574967406 0.12060546875 0.1681877444589309
2 0.787109375 0.9364406779661016 0.107421875 0.1271186440677966
2 0.635498046875 0.9485006518904824 0.11669921875 0.10299869621903521