1 0.46523668639053256 0.4318575149986243 0.6124260355029586 0.8637150299972486
2 0.16357421875 0.43546284224250326 0.17236328125 0.43741851368970014 0.17529296875 0.44198174706649285 0.1845703125 0.49022164276401564 0.20556640625 0.5573663624511083 0.20458984375 0.560625814863103 0.18603515625 0.5749674054758801 0.16357421875 0.5814863102998696 0.14306640625 0.5795306388526728 0.123046875 0.5651890482398957 0.11181640625 0.5482398956975228 0.1044921875 0.515645371577575 0.10595703125 0.4908735332464146 0.11767578125 0.4634941329856584 0.12890625 0.4498044328552803 0.13671875 0.4445893089960887 0.14990234375 0.4367666232073012 0.1630859375 0.43546284224250326
2 0.57958984375 0.02216427640156454 0.59228515625 0.028683181225554105 0.5986328125 0.035202086049543675 0.6220703125 0.06844850065189048 0.63232421875 0.09256844850065189 0.63671875 0.11864406779661017 0.6357421875 0.13298565840938723 0.62646484375 0.1544980443285528 0.60791015625 0.1681877444589309 0.5859375 0.17405475880052151 0.55615234375 0.16883963494132986 0.53125 0.15123859191655803 0.5205078125 0.13494132985658408 0.515625 0.10886571056062581 0.515625 0.09647979139504563 0.52099609375 0.07496740547588006 0.5224609375 0.058018252933507174 0.53369140625 0.04954367666232073 0.5390625 0.03780964797913951 0.54931640625 0.02607561929595828 0.56103515625 0.02151238591916558 0.5791015625 0.02216427640156454
2 0.78173828125 0.16427640156453716 0.783203125 0.17535853976531943 0.80029296875 0.19230769230769232 0.80810546875 0.2046936114732725 0.8134765625 0.227509778357236 0.81201171875 0.2516297262059974 0.79638671875 0.2894393741851369 0.77978515625 0.31421121251629724 0.75830078125 0.3324641460234681 0.74462890625 0.33702737940026073 0.724609375 0.33572359843546284 0.71337890625 0.32659713168187743 0.70458984375 0.3109517601043025 0.69921875 0.2966101694915254 0.6953125 0.27053455019556716 0.6953125 0.2529335071707953 0.69921875 0.22620599739243807 0.708984375 0.19621903520208606 0.7275390625 0.17405475880052151 0.74658203125 0.16623207301173404 0.759765625 0.16558018252933507 0.767578125 0.1681877444589309 0.77587890625 0.16297262059973924 0.78125 0.16427640156453716
2 0.9794921875 0.011734028683181226 0.9912109375 0.01499348109517601 0.99951171875 0.020860495436766623 0.99951171875 0.13689700130378096 0.9775390625 0.1558018252933507 0.947265625 0.1636245110821382 0.93994140625 0.1636245110821382 0.93701171875 0.16101694915254236 0.93603515625 0.14146023468057367 0.93798828125 0.12972620599739243 0.9228515625 0.09582790091264667 0.9033203125 0.0788787483702738 0.904296875 0.06844850065189048 0.9169921875 0.043676662320730114 0.92529296875 0.03780964797913951 0.93212890625 0.028683181225554105 0.95654296875 0.01499348109517601 0.97900390625 0.011734028683181226
2 0.44287109375 0.06714471968709257 0.44384765625 0.07170795306388526 0.4404296875 0.08670143415906127 0.4423828125 0.10430247718383312 0.44140625 0.11799217731421122 0.43603515625 0.13624511082138202 0.42919921875 0.14928292046936115 0.419921875 0.16166883963494133 0.40380859375 0.1727509778357236 0.38232421875 0.17992177314211213 0.3681640625 0.17861799217731422 0.3662109375 0.17470664928292046 0.369140625 0.1681877444589309 0.39892578125 0.1303780964797914 0.40869140625 0.10560625814863103 0.40966796875 0.09452411994784876 0.42041015625 0.08604954367666232 0.421875 0.07757496740547588 0.42529296875 0.07431551499348109 0.43896484375 0.07431551499348109 0.4423828125 0.06714471968709257
2 0.05419921875 0.4810951760104302 0.0712890625 0.48891786179921776 0.0966796875 0.5136897001303781 0.10693359375 0.5332464146023468 0.11083984375 0.5508474576271186 0.11083984375 0.5658409387222947 0.103515625 0.5853976531942634 0.07861328125 0.6075619295958279 0.0556640625 0.6199478487614081 0.04443359375 0.6232073011734028 0.01953125 0.6205997392438071 0 0.60625814863103 0 0.5143415906127771 0.00244140625 0.5136897001303781 0.01220703125 0.4941329856584094 0.02587890625 0.48370273794002605 0.0380859375 0.4804432855280313 0.0537109375 0.4810951760104302
2 0.9052734375 0.08344198174706649 0.919921875 0.0938722294654498 0.9296875 0.11147327249022164 0.93408203125 0.1271186440677966 0.93408203125 0.15514993481095177 0.9296875 0.18839634941329855 0.92236328125 0.21447196870925683 0.90869140625 0.23728813559322035 0.88720703125 0.25097783572359844 0.8701171875 0.2542372881355932 0.8583984375 0.25358539765319427 0.84716796875 0.24837027379400262 0.8349609375 0.23728813559322035 0.8173828125 0.21447196870925683 0.8076171875 0.1897001303780965 0.80615234375 0.17405475880052151 0.8076171875 0.15254237288135594 0.81396484375 0.13689700130378096 0.82275390625 0.12320730117340287 0.83935546875 0.10691003911342895 0.84912109375 0.0938722294654498 0.88330078125 0.08148631029986962 0.90478515625 0.08344198174706649
2 0.126953125 0.5840938722294654 0.15185546875 0.5951760104302477 0.166015625 0.6114732724902217 0.16552734375 0.6199478487614081 0.15771484375 0.6447196870925684 0.15673828125 0.6955671447196871 0.1552734375 0.6994784876140808 0.1474609375 0.7086049543676662 0.1298828125 0.7170795306388527 0.1005859375 0.7151238591916558 0.0810546875 0.7040417209908736 0.05810546875 0.6747066492829205 0.056640625 0.6629726205997393 0.05810546875 0.6479791395045632 0.06494140625 0.6303780964797914 0.08154296875 0.6069100391134289 0.10498046875 0.5886571056062582 0.12646484375 0.5847457627118644
2 0.04296875 0 0.16552734375 0 0.1669921875 0.009778357235984355 0.16455078125 0.03455019556714472 0.1591796875 0.0469361147327249 0.150390625 0.056714471968709254 0.125 0.06844850065189048 0.09130859375 0.0697522816166884 0.06787109375 0.060625814863103 0.05517578125 0.0469361147327249 0.04541015625 0.029335071707953065 0.04248046875 0.013689700130378096 0.04296875 0.000651890482398957
2 0.02880859375 0.8305084745762712 0.0517578125 0.8415906127770535 0.07080078125 0.8617992177314211 0.07958984375 0.8794002607561929 0.0810546875 0.8976531942633638 0.07470703125 0.924380704041721 0.05615234375 0.9530638852672751 0.0556640625 0.9608865710560626 0.05078125 0.9687092568448501 0.0400390625 0.9719687092568449 0.0302734375 0.9791395045632334 0.017578125 0.9817470664928292 0 0.9797913950456323 0 0.833116036505867 0.0283203125 0.8305084745762712
2 0.98193359375 0.15971316818774445 0.99951171875 0.1636245110821382 0.99951171875 0.2803129074315515 0.982421875 0.29465449804432853 0.95556640625 0.3044328552803129 0.93505859375 0.30378096479791394 0.92431640625 0.29791395045632335 0.91455078125 0.28748370273794005 0.90966796875 0.2796610169491525 0.90771484375 0.27183833116036504 0.9072265625 0.24771838331160365 0.92578125 0.211864406779661 0.93505859375 0.17926988265971316 0.94140625 0.17079530638852672 0.94970703125 0.16492829204693613 0.9814453125 0.15971316818774445
2 0.00341796875 0 0.0419921875 0 0.0419921875 0.018904823989569754 0.04931640625 0.04041720990873533 0.04833984375 0.04954367666232073 0.0439453125 0.059322033898305086 0.0302734375 0.07757496740547588 0.01123046875 0.08865710560625815 0 0.08865710560625815 0 0.002607561929595828 0.00341796875 0.000651890482398957
2 0.78466796875 0 0.83056640625 0 0.83154296875 0.002607561929595828 0.83544921875 0.002607561929595828 0.8359375 0 0.9111328125 0 0.91162109375 0.002607561929595828 0.92578125 0.003259452411994785 0.927734375 0.005867014341590613 0.92626953125 0.018252933507170794 0.9111328125 0.02607561929595828 0.9013671875 0.05736636245110821 0.88525390625 0.0788787483702738 0.84228515625 0.09191655801825294 0.82177734375 0.08539765319426336 0.8076171875 0.07496740547588006 0.79296875 0.059322033898305086 0.78515625 0.03780964797913951 0.78466796875 0.000651890482398957
2 0.30810546875 0 0.36767578125 0 0.345703125 0.012385919165580182 0.3291015625 0.030638852672750978 0.32421875 0.026727509778357236 0.32080078125 0.01499348109517601 0.31103515625 0.00651890482398957 0.30810546875 0.000651890482398957
2 0.20654296875 0.590612777053455 0.22021484375 0.5938722294654498 0.22412109375 0.5984354628422425 0.25927734375 0.6629726205997393 0.26220703125 0.6734028683181226 0.25732421875 0.6844850065189049 0.2509765625 0.6929595827900913 0.23486328125 0.7066492829204694 0.21435546875 0.7157757496740548 0.1826171875 0.7157757496740548 0.17236328125 0.7099087353324641 0.1630859375 0.7001303780964798 0.15966796875 0.6929595827900913 0.1572265625 0.6701434159061278 0.16015625 0.6375488917861799 0.16845703125 0.6134289439374185 0.1826171875 0.5971316818774446 0.2060546875 0.5912646675358539
2 0.681640625 0 0.78125 0 0.78369140625 0.03129074315514994 0.77978515625 0.05410691003911343 0.7744140625 0.06453715775749674 0.76025390625 0.08213820078226858 0.74169921875 0.09256844850065189 0.7265625 0.09647979139504563 0.71240234375 0.09582790091264667 0.69677734375 0.08865710560625815 0.68701171875 0.07235984354628422 0.67822265625 0.03650586701434159 0.6787109375 0.016297262059973925 0.681640625 0.000651890482398957