1 0.448974609375 0.45371577574967403 0.64697265625 0.817470664928292
2 0.54296875 0.1075619295958279 0.5009765625 0.08344198174706649 0.455078125 0.06584093872229466 0.4521484375 0.058018252933507174 0.45166015625 0.038461538461538464 0.4638671875 0.002607561929595828 0.4658203125 0 0.55029296875 0 0.5595703125 0.024119947848761408 0.56103515625 0.051499348109517604 0.55615234375 0.08148631029986962 0.54833984375 0.10039113428943937 0.54345703125 0.10691003911342895
2 0.2138671875 0.5234680573663625 0.228515625 0.529335071707953 0.23876953125 0.5423728813559322 0.25146484375 0.5736636245110821 0.25537109375 0.6003911342894394 0.2548828125 0.6297262059973925 0.24560546875 0.6610169491525424 0.236328125 0.6747066492829205 0.22021484375 0.6831812255541069 0.19482421875 0.6773142112125163 0.1767578125 0.6636245110821382 0.14990234375 0.6290743155149935 0.14501953125 0.6186440677966102 0.14111328125 0.6023468057366362 0.14208984375 0.5782268578878749 0.146484375 0.5625814863102999 0.16259765625 0.545632333767927 0.1689453125 0.530638852672751 0.181640625 0.5286831812255541 0.19775390625 0.5215123859191656 0.21337890625 0.5234680573663625
2 0.33349609375 0.7627118644067796 0.34912109375 0.7672750977835724 0.3701171875 0.7855280312907431 0.3779296875 0.8044328552803129 0.37646484375 0.8370273794002607 0.36669921875 0.864406779661017 0.35009765625 0.8878748370273793 0.31884765625 0.9152542372881356 0.302734375 0.9191655801825294 0.29345703125 0.9185136897001304 0.27880859375 0.9119947848761408 0.26953125 0.9015645371577575 0.2568359375 0.878748370273794 0.24853515625 0.8767926988265972 0.24755859375 0.8689700130378096 0.25146484375 0.8578878748370273 0.24951171875 0.847457627118644 0.25048828125 0.8265971316818774 0.255859375 0.8044328552803129 0.27392578125 0.7783572359843546 0.296875 0.7659713168187744 0.31494140625 0.7614080834419817 0.3330078125 0.7627118644067796
2 0.2451171875 0.33376792698826596 0.2578125 0.3220338983050847 0.259765625 0.32659713168187743 0.26025390625 0.3435462842242503 0.2548828125 0.37222946544980445 0.24658203125 0.39374185136897 0.24072265625 0.40221642764015647 0.2275390625 0.4152542372881356 0.2158203125 0.4217731421121252 0.20361328125 0.423728813559322 0.1904296875 0.4211212516297262 0.17919921875 0.4256844850065189 0.17578125 0.424380704041721 0.18115234375 0.41916558018252936 0.18115234375 0.40091264667535853 0.18359375 0.3963494132985658 0.18994140625 0.394393741851369 0.1962890625 0.38005215123859193 0.20458984375 0.378748370273794 0.22314453125 0.36571056062581486 0.2451171875 0.3344198174706649
2 0.259765625 0.910039113428944 0.26953125 0.9119947848761408 0.2861328125 0.924380704041721 0.30322265625 0.9478487614080835 0.314453125 0.9732724902216427 0.3154296875 0.999348109517601 0.189453125 0.999348109517601 0.19580078125 0.9667535853976532 0.20556640625 0.953715775749674 0.2177734375 0.9315514993481095 0.23583984375 0.9132985658409387 0.24755859375 0.909387222946545 0.25927734375 0.910039113428944
2 0.5634765625 0 0.6630859375 0 0.658203125 0.024771838331160364 0.6494140625 0.04041720990873533 0.646484375 0.0423728813559322 0.6083984375 0.043676662320730114 0.587890625 0.054758800521512385 0.58251953125 0.05410691003911343 0.5732421875 0.04041720990873533 0.5634765625 0.00847457627118644 0.5634765625 0.000651890482398957
2 0.12548828125 0 0.1767578125 0 0.17138671875 0.024771838331160364 0.16357421875 0.041720990873533245 0.1513671875 0.052803129074315516 0.14111328125 0.0560625814863103 0.12548828125 0.05410691003911343 0.12548828125 0.000651890482398957
2 0.14306640625 0.8800521512385919 0.15625 0.8820078226857888 0.1650390625 0.8872229465449805 0.1708984375 0.8930899608865711 0.18505859375 0.9185136897001304 0.189453125 0.9302477183833116 0.1943359375 0.9576271186440678 0.18798828125 0.999348109517601 0.12548828125 0.999348109517601 0.12548828125 0.9491525423728814 0.12744140625 0.9485006518904824 0.12744140625 0.9432855280312907 0.12548828125 0.9419817470664928 0.12548828125 0.8807040417209909 0.142578125 0.8800521512385919
2 0.12548828125 0.24445893089960888 0.13037109375 0.24837027379400262 0.13671875 0.26140808344198174 0.1455078125 0.26597131681877445 0.1484375 0.2711864406779661 0.14794921875 0.2757496740547588 0.134765625 0.29465449804432853 0.12548828125 0.3239895697522816 0.12548828125 0.24511082138200782
2 0.62939453125 0.04302477183833116 0.64453125 0.046284224250325946 0.65185546875 0.052803129074315516 0.66064453125 0.07235984354628422 0.66259765625 0.08539765319426336 0.66162109375 0.11929595827900913 0.6552734375 0.1453715775749674 0.64453125 0.1681877444589309 0.6298828125 0.1831812255541069 0.6220703125 0.17926988265971316 0.57373046875 0.13233376792698825 0.5703125 0.1271186440677966 0.56787109375 0.10886571056062581 0.57275390625 0.07692307692307693 0.58203125 0.060625814863103 0.60302734375 0.0469361147327249 0.62890625 0.04302477183833116
2 0.15283203125 0.7385919165580183 0.16748046875 0.7438070404172099 0.18701171875 0.7561929595827901 0.193359375 0.7666232073011734 0.19775390625 0.7900912646675359 0.197265625 0.8070404172099087 0.18994140625 0.8422425032594524 0.17138671875 0.8696219035202086 0.1630859375 0.8761408083441982 0.1533203125 0.8794002607561929 0.12548828125 0.8761408083441982 0.12548828125 0.7431551499348109 0.1376953125 0.7392438070404173 0.15234375 0.7385919165580183