3 0.56396484375 0.24217731421121252 0.28955078125 0.39960886571056065
2 0.22216796875 0.7933507170795306 0.11181640625 0.17861799217731422
2 0.328857421875 0.8715775749674055 0.1123046875 0.1773142112125163
2 0.170654296875 0.5309647979139505 0.09033203125 0.16753585397653195
2 0.321533203125 0.6701434159061278 0.1201171875 0.15189048239895697
2 0.402099609375 0.7460886571056062 0.10400390625 0.13233376792698825
2 0.4443359375 0.9071056062581486 0.111328125 0.15189048239895697
2 0.561279296875 0.924380704041721 0.09423828125 0.13754889178617993
2 0.56982421875 0.7845501955671447 0.11376953125 0.14341590612777053
2 0.500244140625 0.6887222946544981 0.09521484375 0.14015645371577576
2 0.66845703125 0.9452411994784876 0.1064453125 0.10951760104302477
2 0.318115234375 0.21284224250325945 0.12060546875 0.1681877444589309
2 0.212890625 0.0635593220338983 0.107421875 0.1271186440677966
2 0.364013671875 0.051173402868318126 0.11669921875 0.10234680573663625