2 0.32421875 0.7333767926988266 0.33349609375 0.7340286831812256 0.35009765625 0.741851368970013 0.36669921875 0.7640156453715776 0.376953125 0.7894393741851369 0.37890625 0.8324641460234681 0.36669921875 0.8657105606258149 0.35546875 0.8794002607561929 0.337890625 0.8924380704041721 0.3154296875 0.8996088657105606 0.2958984375 0.8930899608865711 0.26904296875 0.8728813559322034 0.2568359375 0.8468057366362451 0.2548828125 0.8076923076923077 0.2578125 0.7900912646675359 0.2646484375 0.7731421121251629 0.2802734375 0.7522816166883963 0.3017578125 0.7385919165580183 0.32373046875 0.7333767926988266
2 0.50244140625 0.9256844850065189 0.5068359375 0.9322033898305084 0.5126953125 0.953715775749674 0.513671875 0.9817470664928292 0.509765625 0.999348109517601 0.404296875 0.999348109517601 0.392578125 0.9947848761408083 0.38916015625 0.9869621903520208 0.388671875 0.9517601043024772 0.39208984375 0.9432855280312907 0.42041015625 0.9576271186440678 0.4267578125 0.9634941329856584 0.4384765625 0.9647979139504563 0.46533203125 0.9582790091264668 0.48095703125 0.9452411994784876 0.4921875 0.923728813559322 0.49609375 0.9217731421121251 0.501953125 0.9256844850065189
2 0.3720703125 0.8650586701434159 0.37451171875 0.9106910039113429 0.3876953125 0.9380704041720991 0.3876953125 0.9452411994784876 0.375 0.9680573663624511 0.36083984375 0.9797913950456323 0.3505859375 0.984354628422425 0.33447265625 0.9856584093872229 0.31689453125 0.983702737940026 0.28173828125 0.939374185136897 0.2705078125 0.9139504563233377 0.267578125 0.8976531942633638 0.26904296875 0.878748370273794 0.2724609375 0.877444589308996 0.30517578125 0.8983050847457628 0.3203125 0.9002607561929595 0.33935546875 0.8930899608865711 0.35302734375 0.8833116036505867 0.36865234375 0.8657105606258149 0.37158203125 0.8650586701434159
2 0.48681640625 0 0.5830078125 0 0.58056640625 0.01694915254237288 0.5751953125 0.026727509778357236 0.568359375 0.035202086049543675 0.55322265625 0.041720990873533245 0.53076171875 0.03911342894393742 0.5126953125 0.030638852672750978 0.49609375 0.01694915254237288 0.48681640625 0.000651890482398957
2 0.6103515625 0.9080834419817471 0.61962890625 0.9276401564537158 0.6171875 0.9563233376792699 0.61181640625 0.970664928292047 0.61328125 0.9719687092568449 0.62255859375 0.9563233376792699 0.62841796875 0.9569752281616688 0.62890625 0.9621903520208605 0.6259765625 0.9674054758800521 0.6220703125 0.969361147327249 0.62060546875 0.9797913950456323 0.60888671875 0.999348109517601 0.59912109375 0.999348109517601 0.6064453125 0.9850065189048239 0.60546875 0.9797913950456323 0.59521484375 0.999348109517601 0.55810546875 0.999348109517601 0.55810546875 0.9856584093872229 0.5615234375 0.9661016949152542 0.5703125 0.9471968709256845 0.59619140625 0.9139504563233377 0.60302734375 0.9087353324641461 0.60986328125 0.9080834419817471
2 0.28173828125 0.940677966101695 0.31640625 0.984354628422425 0.31396484375 0.9889178617992177 0.28076171875 0.999348109517601 0.20703125 0.999348109517601 0.20703125 0.9973924380704041 0.21484375 0.9765319426336375 0.232421875 0.9569752281616688 0.259765625 0.9426336375488917 0.28125 0.940677966101695
2 0.44873046875 0.788135593220339 0.470703125 0.8024771838331161 0.486328125 0.8279009126466753 0.49658203125 0.8657105606258149 0.49755859375 0.9074315514993481 0.494140625 0.9198174706649282 0.486328125 0.9361147327249022 0.4765625 0.9485006518904824 0.46484375 0.9582790091264668 0.43408203125 0.9647979139504563 0.400390625 0.9485006518904824 0.38623046875 0.9328552803129074 0.375 0.9067796610169492 0.375 0.8715775749674055 0.38134765625 0.8396349413298566 0.38916015625 0.8207301173402868 0.3974609375 0.8070404172099087 0.427734375 0.788135593220339 0.4482421875 0.788135593220339
2 0.59130859375 0 0.66064453125 0 0.64794921875 0.01499348109517601 0.63427734375 0.024119947848761408 0.62451171875 0.02607561929595828 0.60986328125 0.025423728813559324 0.60498046875 0.022816166883963495 0.59423828125 0.01108213820078227 0.59130859375 0.000651890482398957
2 0.4111328125 0.6799217731421121 0.427734375 0.6923076923076923 0.43896484375 0.7066492829204694 0.44287109375 0.7190352020860495 0.45458984375 0.741851368970013 0.458984375 0.7568448500651891 0.45849609375 0.7855280312907431 0.45703125 0.788135593220339 0.4404296875 0.7848761408083442 0.42431640625 0.78748370273794 0.400390625 0.8018252933507171 0.38671875 0.8194263363754889 0.3818359375 0.817470664928292 0.37841796875 0.7855280312907431 0.37548828125 0.7770534550195567 0.3681640625 0.7627118644067796 0.35009765625 0.7392438070404173 0.35400390625 0.7229465449804433 0.35009765625 0.7196870925684485 0.34814453125 0.7099087353324641 0.34716796875 0.7157757496740548 0.3447265625 0.7157757496740548 0.3447265625 0.7066492829204694 0.3623046875 0.7033898305084746 0.37841796875 0.6857887874837028 0.38720703125 0.6799217731421121 0.39404296875 0.6779661016949152 0.41064453125 0.6799217731421121
2 0.50439453125 0.7672750977835724 0.5166015625 0.7705345501955672 0.5234375 0.7750977835723598 0.55810546875 0.8083441981747066 0.5625 0.8168187744458931 0.56787109375 0.8415906127770535 0.56640625 0.8591916558018253 0.55859375 0.8813559322033898 0.55908203125 0.8956975228161669 0.55615234375 0.9054758800521513 0.5498046875 0.9080834419817471 0.54296875 0.9015645371577575 0.53076171875 0.9152542372881356 0.51513671875 0.9217731421121251 0.5048828125 0.9198174706649282 0.49951171875 0.9113428943937418 0.49951171875 0.8800521512385919 0.49462890625 0.848761408083442 0.4814453125 0.8155149934810951 0.46630859375 0.7940026075619296 0.47216796875 0.7809647979139505 0.48193359375 0.771838331160365 0.4921875 0.7666232073011734 0.50390625 0.7672750977835724
0 0.12548828125 0.4315514993481095 0.14501953125 0.43285528031290743 0.16552734375 0.438722294654498 0.19189453125 0.4517601043024772 0.21533203125 0.47196870925684486 0.23095703125 0.4908735332464146 0.24169921875 0.5110821382007823 0.251953125 0.5404172099087353 0.25732421875 0.5736636245110821 0.25634765625 0.6108213820078227 0.25 0.6486310299869622 0.2392578125 0.6799217731421121 0.22119140625 0.7151238591916558 0.20703125 0.7340286831812256 0.18408203125 0.757496740547588 0.15185546875 0.7737940026075619 0.12548828125 0.7790091264667536 0.12548828125 0.4322033898305085
0 0.3564453125 0.9876140808344198 0.375 0.9908735332464146 0.396484375 0.999348109517601 0.28369140625 0.999348109517601 0.3154296875 0.9902216427640157 0.35595703125 0.9876140808344198
0 0.7412109375 0.6303780964797914 0.76025390625 0.6323337679269883 0.77880859375 0.6382007822685789 0.8037109375 0.6505867014341591 0.82568359375 0.666232073011734 0.8505859375 0.6929595827900913 0.8740234375 0.7340286831812256 0.8740234375 0.9224250325945241 0.87255859375 0.923728813559322 0.8740234375 0.9269882659713168 0.8740234375 0.9661016949152542 0.865234375 0.9856584093872229 0.85595703125 0.999348109517601 0.66748046875 0.999348109517601 0.6494140625 0.9758800521512386 0.65966796875 0.9374185136897001 0.66259765625 0.9119947848761408 0.66162109375 0.8989569752281616 0.6552734375 0.8748370273794003 0.64501953125 0.8533246414602347 0.60498046875 0.8063885267275098 0.6064453125 0.7829204693611473 0.61181640625 0.758148631029987 0.62060546875 0.7294654498044328 0.63134765625 0.7053455019556715 0.642578125 0.6870925684485006 0.6591796875 0.6675358539765319 0.68017578125 0.6499348109517601 0.70068359375 0.6388526727509778 0.72412109375 0.6316818774445893 0.74072265625 0.6303780964797914