3 0.6932125246548324 0.5854401353669231 0.2991444773175542 0.3863841036441577
2 0.050537109375 0.35495436766623206 0.10107421875 0.13624511082138202
2 0.2802440828402367 0.12911288891631886 0.13395710059171598 0.14959978810344873
2 0.2216888560157791 0.27144812263255746 0.13272435897435897 0.1500968192373267
2 0.47686637080867855 0.060279014269586935 0.12532790927021703 0.12055802853917387
2 0.37249260355029584 0.2618465344370469 0.11382396449704146 0.16052459825802518
2 0.31578648915187374 0.36935667281269524 0.09903106508875736 0.13854331407234824
2 0.1949778106508876 0.42557714808843083 0.11382396449704146 0.14894476031774204
2 0.18224112426035502 0.5819016686853413 0.10313856015779094 0.12585091637543747
2 0.2868170611439842 0.5931424721435754 0.10766025641025645 0.1516241202050047
2 0.3587278106508876 0.5001746089299995 0.10519477317554238 0.1269766425197174
2 0.040475838264299804 0.7006460273253976 0.08094921104536487 0.18230180343509003
2 0.15244822485207102 0.7250565100329418 0.11012573964497041 0.14225294379341114
2 0.7149901380670611 0.2571856332080984 0.12573964497041423 0.1610742949425128
2 0.8368269230769232 0.1167726920891097 0.11546597633136102 0.143572874155564
2 0.8551109467455622 0.3188932005379704 0.11505670611439833 0.1561138583944722
2 0.9321572978303748 0.70201862323816 0.1187549309664695 0.14884272081343597