1 0.551025390625 0.45371577574967403 0.64697265625 0.817470664928292
2 0.44921875 0 0.53369140625 0 0.541015625 0.01564537157757497 0.5478515625 0.038461538461538464 0.546875 0.061277705345501955 0.54296875 0.06714471968709257 0.5068359375 0.07953063885267275 0.45654296875 0.1075619295958279 0.4541015625 0.10625814863102999 0.443359375 0.08148631029986962 0.43896484375 0.05867014341590613 0.43896484375 0.029335071707953065 0.4423828125 0.01564537157757497 0.44921875 0.000651890482398957
2 0.8037109375 0.5221642764015645 0.81787109375 0.5286831812255541 0.83056640625 0.530638852672751 0.8369140625 0.545632333767927 0.85302734375 0.5625814863102999 0.857421875 0.5782268578878749 0.8583984375 0.6023468057366362 0.8544921875 0.6186440677966102 0.849609375 0.6290743155149935 0.82275390625 0.6636245110821382 0.8046875 0.6773142112125163 0.78515625 0.6831812255541069 0.7744140625 0.681877444589309 0.76318359375 0.6747066492829205 0.75390625 0.6610169491525424 0.748046875 0.6447196870925684 0.744140625 0.6258148631029987 0.7451171875 0.5886571056062582 0.75 0.5671447196870926 0.7578125 0.5482398956975228 0.77099609375 0.529335071707953 0.79248046875 0.5215123859191656 0.80322265625 0.5221642764015645
2 0.6875 0.7620599739243807 0.70458984375 0.7666232073011734 0.72705078125 0.7796610169491526 0.74365234375 0.8044328552803129 0.74951171875 0.8298565840938722 0.75 0.847457627118644 0.748046875 0.8578878748370273 0.751953125 0.8689700130378096 0.7509765625 0.8767926988265972 0.74267578125 0.878748370273794 0.724609375 0.9087353324641461 0.70361328125 0.9191655801825294 0.6806640625 0.9152542372881356 0.6494140625 0.8878748370273793 0.630859375 0.8604954367666232 0.625 0.8455019556714471 0.62158203125 0.8272490221642764 0.62255859375 0.8005215123859192 0.63330078125 0.7809647979139505 0.650390625 0.7672750977835724 0.6591796875 0.7640156453715776 0.67138671875 0.7614080834419817 0.68701171875 0.7620599739243807
2 0.74169921875 0.3220338983050847 0.748046875 0.3259452411994785 0.7587890625 0.3389830508474576 0.7763671875 0.36571056062581486 0.794921875 0.378748370273794 0.80322265625 0.38005215123859193 0.80908203125 0.39374185136897 0.81298828125 0.394393741851369 0.81787109375 0.39960886571056065 0.818359375 0.41916558018252936 0.82373046875 0.4230769230769231 0.8203125 0.4256844850065189 0.80908203125 0.4211212516297262 0.7958984375 0.423728813559322 0.78564453125 0.42242503259452413 0.77197265625 0.4152542372881356 0.7587890625 0.40221642764015647 0.7529296875 0.39374185136897 0.7421875 0.3624511082138201 0.7392578125 0.3435462842242503 0.73974609375 0.32659713168187743 0.74169921875 0.3226857887874837
2 0.759765625 0.9113428943937418 0.771484375 0.9198174706649282 0.78173828125 0.9315514993481095 0.7939453125 0.953715775749674 0.802734375 0.9647979139504563 0.81005859375 0.999348109517601 0.68408203125 0.999348109517601 0.68359375 0.984354628422425 0.6865234375 0.9680573663624511 0.6962890625 0.9478487614080835 0.7099609375 0.9282920469361148 0.72998046875 0.9119947848761408 0.74365234375 0.909387222946545 0.75927734375 0.9113428943937418
2 0.33642578125 0 0.43603515625 0 0.4365234375 0.002607561929595828 0.42626953125 0.04041720990873533 0.4169921875 0.05410691003911343 0.41162109375 0.054758800521512385 0.39111328125 0.043676662320730114 0.35302734375 0.0423728813559322 0.35009765625 0.04041720990873533 0.34130859375 0.024771838331160364 0.33642578125 0.000651890482398957
2 0.82275390625 0 0.8740234375 0 0.8740234375 0.05410691003911343 0.86669921875 0.0560625814863103 0.85107421875 0.05410691003911343 0.8388671875 0.04563233376792699 0.828125 0.024771838331160364 0.8232421875 0.000651890482398957
2 0.8740234375 0.8807040417209909 0.8740234375 0.9419817470664928 0.8720703125 0.9432855280312907 0.8720703125 0.9485006518904824 0.8740234375 0.9491525423728814 0.8740234375 0.999348109517601 0.8115234375 0.999348109517601 0.80810546875 0.970664928292047 0.80517578125 0.9615384615384616 0.81005859375 0.9302477183833116 0.81787109375 0.9113428943937418 0.82958984375 0.8917861799217731 0.845703125 0.8813559322033898 0.87353515625 0.8807040417209909
2 0.863037109375 0.2835723598435463 0.02294921875 0.08018252933507171
2 0.3720703125 0.04302477183833116 0.396484375 0.0469361147327249 0.41748046875 0.060625814863103 0.4267578125 0.07692307692307693 0.431640625 0.10886571056062581 0.42919921875 0.1271186440677966 0.42578125 0.13233376792698825 0.37158203125 0.1831812255541069 0.361328125 0.17666232073011734 0.349609375 0.1577574967405476 0.34130859375 0.13624511082138202 0.3369140625 0.1075619295958279 0.337890625 0.07692307692307693 0.3447265625 0.058018252933507174 0.35498046875 0.046284224250325946 0.37158203125 0.04302477183833116
2 0.857421875 0.7385919165580183 0.8740234375 0.7431551499348109 0.8740234375 0.8761408083441982 0.8505859375 0.8794002607561929 0.83349609375 0.8741851368970013 0.82568359375 0.8670143415906127 0.8125 0.848109517601043 0.8046875 0.8233376792698827 0.8017578125 0.7900912646675359 0.806640625 0.7653194263363755 0.81591796875 0.7529335071707953 0.83935546875 0.7405475880052151 0.85693359375 0.7385919165580183