1 0.556396484375 0.40580182529335074 0.63623046875 0.803129074315515
2 0.8046875 0.5208604954367666 0.81884765625 0.5273794002607562 0.83154296875 0.529335071707953 0.8369140625 0.5417209908735332 0.85400390625 0.559973924380704 0.85888671875 0.576271186440678 0.8603515625 0.5977835723598436 0.85546875 0.6192959582790091 0.82568359375 0.6616688396349413 0.80908203125 0.6753585397653195 0.79296875 0.6805736636245111 0.78564453125 0.6786179921773142 0.77880859375 0.6551499348109517 0.76171875 0.651890482398957 0.751953125 0.6466753585397653 0.74658203125 0.6258148631029987 0.7470703125 0.5919165580182529 0.75048828125 0.5697522816166884 0.75830078125 0.5488917861799217 0.77099609375 0.529335071707953 0.79248046875 0.5202086049543677 0.80419921875 0.5208604954367666
2 0.3671875 0.78748370273794 0.38671875 0.7953063885267275 0.4013671875 0.8135593220338984 0.41064453125 0.833767926988266 0.41259765625 0.8455019556714471 0.41259765625 0.8702737940026075 0.4091796875 0.8878748370273793 0.40234375 0.9080834419817471 0.38134765625 0.9361147327249022 0.3642578125 0.9485006518904824 0.33984375 0.9582790091264668 0.330078125 0.9582790091264668 0.31884765625 0.954367666232073 0.30859375 0.9452411994784876 0.3046875 0.9387222946544981 0.29736328125 0.9119947848761408 0.29736328125 0.8741851368970013 0.2939453125 0.8526727509778357 0.29443359375 0.8363754889178618 0.30078125 0.8168187744458931 0.31640625 0.7959582790091264 0.33251953125 0.788135593220339 0.36669921875 0.78748370273794
2 0.74267578125 0.31029986962190353 0.75830078125 0.3259452411994785 0.775390625 0.3513689700130378 0.80712890625 0.37157757496740546 0.80810546875 0.38070404172099087 0.8037109375 0.40352020860495436 0.81884765625 0.41264667535853977 0.822265625 0.41916558018252936 0.822265625 0.42503259452411996 0.81103515625 0.43089960886571055 0.7822265625 0.4315514993481095 0.76513671875 0.4211212516297262 0.75146484375 0.40547588005215124 0.744140625 0.3859191655801825 0.73828125 0.35853976531942633 0.73828125 0.32529335071707954 0.7421875 0.3109517601043025
2 0.48193359375 0.7913950456323338 0.48974609375 0.7940026075619296 0.5009765625 0.8037809647979139 0.51708984375 0.8324641460234681 0.5244140625 0.863754889178618 0.5224609375 0.9185136897001304 0.51708984375 0.9348109517601043 0.50732421875 0.9485006518904824 0.5009765625 0.9530638852672751 0.48876953125 0.9582790091264668 0.46728515625 0.9576271186440678 0.45166015625 0.9602346805736637 0.4365234375 0.9576271186440678 0.42333984375 0.9432855280312907 0.41552734375 0.9159061277705346 0.41650390625 0.8833116036505867 0.42822265625 0.8461538461538461 0.44287109375 0.818122555410691 0.46435546875 0.7953063885267275 0.4716796875 0.7913950456323338 0.4814453125 0.7913950456323338
2 0.33740234375 0.001303780964797914 0.345703125 0.016297262059973925 0.34765625 0.02998696219035202 0.33935546875 0.04432855280312908 0.32666015625 0.050195567144719684 0.3193359375 0.04889178617992177 0.31005859375 0.039765319426336376 0.29931640625 0.01108213820078227 0.302734375 0.005215123859191656 0.31787109375 0 0.3369140625 0.001303780964797914
2 0.33349609375 0.001303780964797914 0.34228515625 0.009778357235984355 0.34521484375 0.017601043024771838 0.34619140625 0.02998696219035202 0.34228515625 0.039765319426336376 0.330078125 0.048239895697522815 0.33203125 0.05084745762711865 0.33447265625 0.0697522816166884 0.3330078125 0.0847457627118644 0.32958984375 0.09582790091264667 0.3212890625 0.11082138200782268 0.310546875 0.12059973924380704 0.28662109375 0.12972620599739243 0.26953125 0.1271186440677966 0.2529296875 0.11864406779661017 0.23779296875 0.10495436766623208 0.2275390625 0.08996088657105607 0.2216796875 0.07235984354628422 0.220703125 0.05345501955671447 0.224609375 0.02216427640156454 0.2294921875 0.002607561929595828 0.23095703125 0 0.3330078125 0.001303780964797914
2 0.40576171875 0 0.5107421875 0 0.51708984375 0.029335071707953065 0.5166015625 0.04954367666232073 0.51123046875 0.0710560625814863 0.50341796875 0.07692307692307693 0.48779296875 0.08213820078226858 0.49169921875 0.06714471968709257 0.47998046875 0.03129074315514994 0.47705078125 0.02803129074315515 0.46240234375 0.024771838331160364 0.45654296875 0.014341590612777053 0.4541015625 0.014341590612777053 0.443359375 0.027379400260756193 0.43798828125 0.02998696219035202 0.4306640625 0.06258148631029987 0.42578125 0.07496740547588006 0.419921875 0.08083441981747067 0.4130859375 0.06779661016949153 0.4091796875 0.05410691003911343 0.40478515625 0.024771838331160364 0.40576171875 0.000651890482398957
2 0.29052734375 0.13428943937418514 0.30517578125 0.1395045632333768 0.322265625 0.15058670143415906 0.3349609375 0.1681877444589309 0.3115234375 0.21447196870925683 0.30419921875 0.2333767926988266 0.2978515625 0.258148631029987 0.29345703125 0.26597131681877445 0.2724609375 0.2633637548891786 0.26220703125 0.2561929595827901 0.255859375 0.24837027379400262 0.248046875 0.23402868318122555 0.2451171875 0.1981747066492829 0.2451171875 0.17926988265971316 0.24755859375 0.16688396349413298 0.25 0.15840938722294653 0.25732421875 0.14602346805736635 0.2646484375 0.1395045632333768 0.2744140625 0.13559322033898305 0.2900390625 0.13428943937418514
2 0.82275390625 0 0.8740234375 0 0.8740234375 0.05345501955671447 0.8623046875 0.056714471968709254 0.84716796875 0.052803129074315516 0.8359375 0.0423728813559322 0.828125 0.02607561929595828 0.82275390625 0.000651890482398957
2 0.25634765625 0.8370273794002607 0.2744140625 0.8415906127770535 0.28564453125 0.8526727509778357 0.29296875 0.863754889178618 0.29541015625 0.8728813559322034 0.2958984375 0.9159061277705346 0.3017578125 0.9367666232073012 0.29833984375 0.9589308996088657 0.2939453125 0.9719687092568449 0.28662109375 0.983702737940026 0.27197265625 0.999348109517601 0.22802734375 0.999348109517601 0.22314453125 0.9954367666232073 0.2041015625 0.9739243807040417 0.19677734375 0.9595827900912647 0.1923828125 0.9335071707953064 0.1962890625 0.9106910039113429 0.21142578125 0.8813559322033898 0.21728515625 0.8598435462842242 0.2333984375 0.8533246414602347 0.2431640625 0.8409387222946545 0.255859375 0.8370273794002607
2 0.86328125 0.31747066492829207 0.86376953125 0.3122555410691004 0.85302734375 0.2907431551499348 0.85205078125 0.2816166883963494 0.8544921875 0.27509778357235987 0.865234375 0.2737940026075619 0.8740234375 0.27444589308996087 0.8740234375 0.3200782268578879 0.8681640625 0.32073011734028684 0.86376953125 0.31747066492829207
2 0.4814453125 0.9615384615384616 0.49560546875 0.9674054758800521 0.50830078125 0.9804432855280313 0.51611328125 0.999348109517601 0.40576171875 0.999348109517601 0.41845703125 0.9804432855280313 0.44091796875 0.9634941329856584 0.48095703125 0.9615384615384616
2 0.2021484375 0.11799217731421122 0.22265625 0.12451108213820078 0.23388671875 0.13233376792698825 0.2412109375 0.1408083441981747 0.24853515625 0.15645371577574968 0.24072265625 0.18709256844850064 0.24560546875 0.23402868318122555 0.24169921875 0.2438070404172099 0.2353515625 0.2516297262059974 0.220703125 0.258148631029987 0.2041015625 0.25749674054758803 0.181640625 0.24837027379400262 0.15087890625 0.21577574967405475 0.14404296875 0.19491525423728814 0.14404296875 0.17470664928292046 0.15283203125 0.14602346805736635 0.16015625 0.13624511082138202 0.177734375 0.12320730117340287 0.20166015625 0.11799217731421122