1 0.443603515625 0.5941981747066493 0.63623046875 0.803129074315515
2 0.21337890625 0.3200782268578879 0.22119140625 0.34485006518904826 0.23828125 0.34810951760104303 0.248046875 0.3533246414602347 0.2529296875 0.3709256844850065 0.25390625 0.38657105606258146 0.25 0.4282920469361147 0.23974609375 0.4556714471968709 0.22900390625 0.4706649282920469 0.20751953125 0.47979139504563234 0.1923828125 0.4784876140808344 0.18115234375 0.4726205997392438 0.16845703125 0.4706649282920469 0.1630859375 0.45827900912646674 0.15234375 0.4485006518904824 0.14501953125 0.4380704041720991 0.14111328125 0.423728813559322 0.1396484375 0.40221642764015647 0.14453125 0.38070404172099087 0.17431640625 0.33833116036505867 0.19482421875 0.3226857887874837 0.212890625 0.3200782268578879
2 0.669921875 0.041720990873533245 0.68115234375 0.04563233376792699 0.69140625 0.054758800521512385 0.69970703125 0.07366362451108213 0.70263671875 0.0880052151238592 0.70263671875 0.1258148631029987 0.7060546875 0.14732724902216426 0.70556640625 0.1636245110821382 0.69921875 0.1831812255541069 0.6865234375 0.2014341590612777 0.67041015625 0.21121251629726207 0.6494140625 0.2138200782268579 0.6357421875 0.21316818774445892 0.6162109375 0.20664928292046936 0.60205078125 0.19230769230769232 0.58935546875 0.16623207301173404 0.58740234375 0.1544980443285528 0.58740234375 0.12972620599739243 0.5908203125 0.1121251629726206 0.59765625 0.09191655801825294 0.61865234375 0.06388526727509779 0.6357421875 0.051499348109517604 0.65185546875 0.043676662320730114 0.66943359375 0.041720990873533245
2 0.2177734375 0.5684485006518905 0.23486328125 0.5788787483702738 0.2431640625 0.5873533246414603 0.25244140625 0.6023468057366362 0.26025390625 0.6303780964797914 0.26220703125 0.6492829204693612 0.26123046875 0.6799217731421121 0.25732421875 0.6897001303780965 0.24169921875 0.6740547588005215 0.224609375 0.6486310299869622 0.20458984375 0.6342894393741851 0.197265625 0.6329856584093873 0.19189453125 0.6258148631029987 0.1962890625 0.5964797913950456 0.18115234375 0.5873533246414603 0.177734375 0.5808344198174706 0.177734375 0.5749674054758801 0.18896484375 0.5691003911342895 0.21728515625 0.5684485006518905
2 0.55712890625 0.039765319426336376 0.57177734375 0.04954367666232073 0.57958984375 0.06453715775749674 0.5849609375 0.08865710560625815 0.58349609375 0.1166883963494133 0.57177734375 0.15384615384615385 0.56005859375 0.1773142112125163 0.5390625 0.20208604954367665 0.525390625 0.20925684485006518 0.51171875 0.20664928292046936 0.5029296875 0.2001303780964798 0.49365234375 0.18904823989569752 0.48388671875 0.17014341590612778 0.4755859375 0.13624511082138202 0.4775390625 0.08148631029986962 0.48583984375 0.060625814863103 0.49267578125 0.051499348109517604 0.50146484375 0.04563233376792699 0.51123046875 0.041720990873533245 0.556640625 0.039765319426336376
2 0.67919921875 0.9504563233376793 0.68994140625 0.9602346805736637 0.70068359375 0.9882659713168188 0.697265625 0.9947848761408083 0.68310546875 0.999348109517601 0.66259765625 0.9986962190352021 0.65771484375 0.9921773142112125 0.65234375 0.9758800521512386 0.65380859375 0.9654498044328553 0.66064453125 0.9556714471968709 0.66943359375 0.9504563233376793 0.6787109375 0.9504563233376793
2 0.72314453125 0.8709256844850065 0.73974609375 0.8767926988265972 0.7529296875 0.8859191655801826 0.76611328125 0.9002607561929595 0.77587890625 0.9191655801825294 0.779296875 0.9367666232073012 0.77880859375 0.9556714471968709 0.77490234375 0.9804432855280313 0.76953125 0.999348109517601 0.68896484375 0.999348109517601 0.6865234375 0.9973924380704041 0.66748046875 0.999348109517601 0.66015625 0.9941329856584094 0.6552734375 0.984354628422425 0.65380859375 0.9752281616688396 0.6552734375 0.9647979139504563 0.66259765625 0.9556714471968709 0.669921875 0.9517601043024772 0.66796875 0.9491525423728814 0.66552734375 0.9302477183833116 0.66796875 0.9113428943937418 0.67431640625 0.8956975228161669 0.6923828125 0.877444589308996 0.70947265625 0.8709256844850065 0.72265625 0.8709256844850065
2 0.580078125 0.9191655801825294 0.5869140625 0.9322033898305084 0.5908203125 0.9458930899608866 0.59521484375 0.9752281616688396 0.59423828125 0.999348109517601 0.48876953125 0.999348109517601 0.48388671875 0.9797913950456323 0.4833984375 0.9504563233376793 0.4873046875 0.9322033898305084 0.4912109375 0.9263363754889179 0.51220703125 0.9178617992177314 0.50830078125 0.9328552803129074 0.52001953125 0.9687092568448501 0.52294921875 0.9719687092568449 0.53759765625 0.9752281616688396 0.54345703125 0.9856584093872229 0.5458984375 0.9856584093872229 0.556640625 0.9726205997392438 0.56201171875 0.970013037809648 0.5693359375 0.9374185136897001 0.57421875 0.9250325945241199 0.57958984375 0.9191655801825294
2 0.71142578125 0.7340286831812256 0.724609375 0.7353324641460235 0.736328125 0.742503259452412 0.75 0.7607561929595827 0.751953125 0.7659713168187744 0.7548828125 0.8018252933507171 0.7548828125 0.8207301173402868 0.7490234375 0.8435462842242504 0.73828125 0.8585397653194263 0.71923828125 0.8657105606258149 0.70703125 0.8650586701434159 0.68603515625 0.8552803129074316 0.677734375 0.8494132985658409 0.6650390625 0.8318122555410691 0.6884765625 0.7855280312907431 0.7041015625 0.7366362451108214 0.7109375 0.7340286831812256
2 0.14208984375 0.9439374185136897 0.15283203125 0.9471968709256845 0.1640625 0.9576271186440678 0.171875 0.9739243807040417 0.17724609375 0.999348109517601 0.1259765625 0.999348109517601 0.1259765625 0.9465449804432855 0.1416015625 0.9439374185136897
2 0.7705078125 0 0.78759765625 0.01499348109517601 0.7958984375 0.02607561929595828 0.8037109375 0.041720990873533245 0.8076171875 0.0710560625814863 0.8037109375 0.08930899608865711 0.78857421875 0.11864406779661017 0.78271484375 0.14015645371577576 0.77734375 0.1440677966101695 0.767578125 0.14602346805736635 0.7568359375 0.1590612777053455 0.74755859375 0.16297262059973924 0.7255859375 0.15840938722294653 0.71435546875 0.14732724902216426 0.70703125 0.13624511082138202 0.70458984375 0.1271186440677966 0.7041015625 0.08409387222946545 0.6982421875 0.05867014341590613 0.7021484375 0.03911342894393742 0.7080078125 0.024119947848761408 0.72802734375 0.000651890482398957 0.77001953125 0
2 0.1318359375 0.6792698826597132 0.13671875 0.682529335071708 0.13623046875 0.6877444589308996 0.14794921875 0.71251629726206 0.1455078125 0.7249022164276402 0.134765625 0.7262059973924381 0.1259765625 0.7255541069100391 0.1259765625 0.6799217731421121 0.13134765625 0.6792698826597132
2 0.48388671875 0 0.5947265625 0 0.58154296875 0.01955671447196871 0.56396484375 0.03389830508474576 0.55908203125 0.03650586701434159 0.5234375 0.039765319426336376 0.50439453125 0.03259452411994785 0.4912109375 0.018904823989569754 0.48388671875 0.000651890482398957
2 0.7958984375 0.742503259452412 0.818359375 0.7516297262059974 0.8369140625 0.7705345501955672 0.84912109375 0.7842242503259452 0.8564453125 0.8089960886571056 0.85595703125 0.8252933507170795 0.853515625 0.8357235984354628 0.84716796875 0.8539765319426337 0.83984375 0.863754889178618 0.822265625 0.8767926988265972 0.80078125 0.8820078226857888 0.77880859375 0.8761408083441982 0.76611328125 0.8676662320730117 0.7587890625 0.8591916558018253 0.75146484375 0.8435462842242504 0.75927734375 0.8129074315514994 0.7587890625 0.7985658409387223 0.75634765625 0.7933507170795306 0.75390625 0.772490221642764 0.75634765625 0.7601043024771839 0.7646484375 0.7483702737940026 0.7734375 0.7431551499348109 0.79541015625 0.742503259452412