2 0.52490234375 0.8624511082138201 0.53955078125 0.8709256844850065 0.556640625 0.8728813559322034 0.5673828125 0.8898305084745762 0.57177734375 0.9080834419817471 0.57373046875 0.9295958279009127 0.57177734375 0.9530638852672751 0.56640625 0.9726205997392438 0.55419921875 0.9589308996088657 0.54296875 0.9524119947848761 0.53759765625 0.9445893089960886 0.52490234375 0.939374185136897 0.5 0.939374185136897 0.47607421875 0.9471968709256845 0.4716796875 0.9452411994784876 0.470703125 0.9250325945241199 0.47509765625 0.9113428943937418 0.48974609375 0.8950456323337679 0.50537109375 0.8670143415906127 0.51708984375 0.8611473272490222 0.5244140625 0.8624511082138201
2 0.38671875 0.8311603650586702 0.39306640625 0.8363754889178618 0.39892578125 0.8461538461538461 0.4033203125 0.8748370273794003 0.4111328125 0.8963494132985659 0.41015625 0.9035202086049544 0.40771484375 0.9054758800521513 0.38671875 0.8983050847457628 0.36865234375 0.8983050847457628 0.3515625 0.9041720990873533 0.33935546875 0.9132985658409387 0.3193359375 0.9452411994784876 0.31591796875 0.9432855280312907 0.3095703125 0.9289439374185137 0.30712890625 0.9152542372881356 0.30859375 0.878748370273794 0.31689453125 0.8539765319426337 0.3291015625 0.8363754889178618 0.3349609375 0.8363754889178618 0.34619140625 0.8435462842242504 0.361328125 0.8448500651890483 0.38623046875 0.8318122555410691
2 0.55078125 0.7196870925684485 0.57177734375 0.7268578878748371 0.58544921875 0.7268578878748371 0.59033203125 0.7340286831812256 0.5908203125 0.742503259452412 0.60498046875 0.7509778357235984 0.61474609375 0.7666232073011734 0.61865234375 0.7848761408083442 0.619140625 0.8005215123859192 0.61376953125 0.8226857887874837 0.60546875 0.8396349413298566 0.58740234375 0.8591916558018253 0.5693359375 0.8689700130378096 0.55859375 0.8715775749674055 0.5419921875 0.8702737940026075 0.5322265625 0.8657105606258149 0.52734375 0.8617992177314211 0.51708984375 0.8461538461538461 0.509765625 0.8226857887874837 0.5078125 0.8070404172099087 0.5087890625 0.788135593220339 0.51318359375 0.7620599739243807 0.52197265625 0.741199478487614 0.53271484375 0.7268578878748371 0.54345703125 0.7209908735332464 0.55029296875 0.7203389830508474
2 0.37646484375 0.6642764015645372 0.39501953125 0.6740547588005215 0.41357421875 0.6962190352020861 0.42333984375 0.7229465449804433 0.42431640625 0.7451108213820078 0.419921875 0.771838331160365 0.40771484375 0.7979139504563233 0.3955078125 0.817470664928292 0.38330078125 0.8318122555410691 0.3623046875 0.8422425032594524 0.34765625 0.8415906127770535 0.3388671875 0.8376792698826597 0.3271484375 0.8285528031290743 0.3173828125 0.8135593220338984 0.310546875 0.7868318122555411 0.3095703125 0.742503259452412 0.31494140625 0.7164276401564538 0.32958984375 0.6851368970013038 0.3486328125 0.6701434159061278 0.3759765625 0.6642764015645372
2 0.57080078125 0.4680573663624511 0.59228515625 0.47979139504563234 0.60400390625 0.49282920469361147 0.61328125 0.5123859191655802 0.61767578125 0.5365058670143416 0.61572265625 0.5528031290743155 0.61083984375 0.5677966101694916 0.5947265625 0.5912646675358539 0.5810546875 0.6023468057366362 0.56005859375 0.6082138200782269 0.53515625 0.6016949152542372 0.5244140625 0.5925684485006519 0.51611328125 0.5814863102998696 0.5068359375 0.5580182529335072 0.5029296875 0.529335071707953 0.5087890625 0.5045632333767927 0.5224609375 0.4830508474576271 0.53759765625 0.47131681877444587 0.55078125 0.4654498044328553 0.5703125 0.4680573663624511
2 0.4599609375 0.7646675358539765 0.48583984375 0.7744458930899609 0.49951171875 0.7900912646675359 0.50439453125 0.8037809647979139 0.50830078125 0.8455019556714471 0.501953125 0.8689700130378096 0.48291015625 0.9015645371577575 0.46923828125 0.9132985658409387 0.45166015625 0.9198174706649282 0.44140625 0.9191655801825294 0.43017578125 0.9146023468057366 0.41748046875 0.9022164276401564 0.412109375 0.8930899608865711 0.404296875 0.8715775749674055 0.40185546875 0.8572359843546284 0.40185546875 0.8357235984354628 0.40478515625 0.8089960886571056 0.41552734375 0.7848761408083442 0.42236328125 0.7744458930899609 0.44140625 0.7646675358539765 0.45947265625 0.7646675358539765
2 0.51611328125 0.940677966101695 0.53564453125 0.9452411994784876 0.54248046875 0.953715775749674 0.55810546875 0.9641460234680573 0.56640625 0.9784876140808344 0.5732421875 0.999348109517601 0.4501953125 0.999348109517601 0.45654296875 0.9752281616688396 0.47216796875 0.9491525423728814 0.49267578125 0.9419817470664928 0.515625 0.940677966101695
2 0.3359375 0 0.44140625 0 0.44140625 0.01564537157757497 0.43896484375 0.02998696219035202 0.431640625 0.04758800521512386 0.4072265625 0.08148631029986962 0.39990234375 0.08865710560625815 0.39013671875 0.09322033898305085 0.38623046875 0.09061277705345502 0.36865234375 0.046284224250325946 0.3515625 0.018904823989569754 0.33642578125 0.000651890482398957
2 0.38916015625 0.8996088657105606 0.41259765625 0.910039113428944 0.42919921875 0.9315514993481095 0.443359375 0.9661016949152542 0.447265625 0.999348109517601 0.3056640625 0.999348109517601 0.3134765625 0.9641460234680573 0.31884765625 0.9491525423728814 0.33935546875 0.9146023468057366 0.3525390625 0.9048239895697523 0.36572265625 0.9002607561929595 0.388671875 0.8996088657105606
2 0.4951171875 0.6069100391134289 0.5 0.6147327249022164 0.517578125 0.622555410691004 0.52685546875 0.6329856584093873 0.53369140625 0.6492829204693612 0.53564453125 0.6714471968709257 0.5302734375 0.7014341590612777 0.51708984375 0.7366362451108214 0.5048828125 0.7535853976531942 0.48388671875 0.7672750977835724 0.46142578125 0.7627118644067796 0.4462890625 0.741199478487614 0.435546875 0.711864406779661 0.43017578125 0.6642764015645372 0.43359375 0.6466753585397653 0.43798828125 0.636245110821382 0.458984375 0.6134289439374185 0.46630859375 0.6082138200782269 0.49462890625 0.6069100391134289
0 0.869140625 0.29986962190352023 0.8740234375 0.30182529335071706 0.8740234375 0.6375488917861799 0.86572265625 0.6395045632333768 0.83251953125 0.636897001303781 0.79736328125 0.622555410691004 0.77490234375 0.6029986962190352 0.75244140625 0.5730117340286832 0.74072265625 0.5508474576271186 0.72900390625 0.5169491525423728 0.72412109375 0.4869621903520209 0.72314453125 0.4485006518904824 0.728515625 0.41264667535853977 0.73583984375 0.3898305084745763 0.75244140625 0.35919165580182527 0.76708984375 0.3409387222946545 0.794921875 0.3194263363754889 0.81787109375 0.3076923076923077 0.84716796875 0.29921773142112124 0.86865234375 0.29986962190352023
0 0.39208984375 0.3435462842242503 0.42578125 0.3663624511082138 0.44873046875 0.39048239895697523 0.45751953125 0.40352020860495436 0.470703125 0.42894393741851367 0.48046875 0.45632333767926986 0.486328125 0.4876140808344198 0.48779296875 0.5130378096479792 0.4853515625 0.5423728813559322 0.47900390625 0.5684485006518905 0.47412109375 0.5821382007822686 0.4599609375 0.6082138200782269 0.43701171875 0.6342894393741851 0.4208984375 0.6460234680573663 0.39599609375 0.6577574967405476 0.37890625 0.6610169491525424 0.3486328125 0.6584093872229465 0.32177734375 0.6492829204693612 0.30078125 0.6342894393741851 0.26904296875 0.6023468057366362 0.25634765625 0.5821382007822686 0.24755859375 0.5580182529335072 0.24267578125 0.530638852672751 0.2412109375 0.4876140808344198 0.2451171875 0.4589308996088657 0.255859375 0.42242503259452413 0.2734375 0.3891786179921773 0.291015625 0.36571056062581486 0.31201171875 0.3494132985658409 0.3427734375 0.3363754889178618 0.3671875 0.33702737940026073 0.3916015625 0.3435462842242503
0 0.3330078125 0 0.3505859375 0.020208604954367666 0.36669921875 0.046284224250325946 0.38720703125 0.09778357235984354 0.3935546875 0.1271186440677966 0.39599609375 0.1558018252933507 0.39599609375 0.1877444589308996 0.39306640625 0.21642764015645372 0.3828125 0.258148631029987 0.3720703125 0.2861799217731421 0.36376953125 0.30182529335071706 0.34423828125 0.3272490221642764 0.33984375 0.3318122555410691 0.3125 0.3455019556714472 0.2861328125 0.36310299869621904 0.26123046875 0.36766623207301175 0.240234375 0.36571056062581486 0.21484375 0.35723598435462844 0.1982421875 0.3494132985658409 0.17578125 0.33376792698826596 0.14453125 0.29986962190352023 0.1259765625 0.2666232073011734 0.1259765625 0.20860495436766624 0.1279296875 0.20599739243807041 0.12744140625 0.1864406779661017 0.1259765625 0.18513689700130379 0.1259765625 0.0984354628422425 0.1279296875 0.09582790091264667 0.12744140625 0.07366362451108213 0.1259765625 0.07235984354628422 0.1259765625 0.029335071707953065 0.142578125 0 0.33251953125 0