2 0.60986328125 0.28683181225554105 0.625 0.2966101694915254 0.64404296875 0.3259452411994785 0.65234375 0.3468057366362451 0.6572265625 0.36897001303780963 0.65771484375 0.3813559322033898 0.65380859375 0.4074315514993481 0.6416015625 0.42503259452411996 0.63427734375 0.4302477183833116 0.61083984375 0.43546284224250326 0.58642578125 0.42894393741851367 0.560546875 0.41134289439374183 0.544921875 0.38396349413298564 0.541015625 0.3663624511082138 0.54345703125 0.3494132985658409 0.55712890625 0.3239895697522816 0.55810546875 0.3116036505867014 0.56103515625 0.3070404172099087 0.57080078125 0.30638852672750977 0.58544921875 0.29335071707953064 0.59619140625 0.288135593220339 0.609375 0.28683181225554105
2 0.47705078125 0 0.5693359375 0 0.57861328125 0.01564537157757497 0.58447265625 0.05410691003911343 0.58349609375 0.07040417209908735 0.57568359375 0.09191655801825294 0.55419921875 0.11342894393741851 0.52734375 0.121251629726206 0.50927734375 0.11473272490221642 0.49169921875 0.11342894393741851 0.474609375 0.09452411994784876 0.47021484375 0.0847457627118644 0.46728515625 0.07040417209908735 0.466796875 0.056714471968709254 0.47314453125 0.009126466753585397 0.47705078125 0.000651890482398957
2 0.498046875 0.3604954367666232 0.52734375 0.3728813559322034 0.54345703125 0.38657105606258146 0.5546875 0.40808344198174706 0.556640625 0.43285528031290743 0.55419921875 0.4452411994784876 0.54736328125 0.4589308996088657 0.548828125 0.4706649282920469 0.54541015625 0.47979139504563234 0.517578125 0.5117340286831812 0.50537109375 0.5189048239895697 0.4931640625 0.5202086049543677 0.48486328125 0.5189048239895697 0.47119140625 0.5097783572359843 0.46337890625 0.5026075619295959 0.44873046875 0.4817470664928292 0.4375 0.4498044328552803 0.435546875 0.4172099087353325 0.4443359375 0.3898305084745763 0.4580078125 0.3728813559322034 0.47412109375 0.3624511082138201 0.49755859375 0.3604954367666232
2 0.45654296875 0.21316818774445892 0.47314453125 0.22359843546284225 0.50048828125 0.25488917861799215 0.5087890625 0.28552803129074317 0.5087890625 0.29595827900912647 0.50537109375 0.31029986962190353 0.490234375 0.3350717079530639 0.4609375 0.35267275097783574 0.44677734375 0.35723598435462844 0.43798828125 0.35723598435462844 0.4248046875 0.35267275097783574 0.41455078125 0.3455019556714472 0.4052734375 0.3350717079530639 0.39892578125 0.3116036505867014 0.39794921875 0.28748370273794005 0.4013671875 0.27053455019556716 0.40673828125 0.258148631029987 0.4248046875 0.2288135593220339 0.439453125 0.21642764015645372 0.4560546875 0.21316818774445892
2 0.97412109375 0.18057366362451108 0.9814453125 0.181877444589309 0.98974609375 0.1877444589308996 0.99951171875 0.18709256844850064 0.99951171875 0.3044328552803129 0.97705078125 0.31877444589308995 0.951171875 0.3239895697522816 0.94189453125 0.3220338983050847 0.93115234375 0.31486310299869624 0.923828125 0.30834419817470665 0.91796875 0.2985658409387223 0.91357421875 0.28683181225554105 0.9111328125 0.26988265971316816 0.91259765625 0.2405475880052151 0.91943359375 0.22033898305084745 0.93798828125 0.19491525423728814 0.953125 0.18448500651890481 0.9736328125 0.18057366362451108
2 0.65576171875 0.10625814863102999 0.6611328125 0.11016949152542373 0.67578125 0.1121251629726206 0.70361328125 0.13428943937418514 0.7119140625 0.14797913950456323 0.71484375 0.16297262059973924 0.71826171875 0.17014341590612778 0.71826171875 0.1760104302477184 0.71337890625 0.2033898305084746 0.70703125 0.21773142112125163 0.69677734375 0.23142112125162972 0.6826171875 0.24315514993481094 0.66064453125 0.2522816166883963 0.6455078125 0.25488917861799215 0.6240234375 0.24902216427640156 0.607421875 0.23402868318122555 0.59814453125 0.20795306388526727 0.59765625 0.18448500651890481 0.59423828125 0.17470664928292046 0.59521484375 0.16883963494132986 0.603515625 0.15840938722294653 0.61083984375 0.13689700130378096 0.625 0.11799217731421122 0.640625 0.10886571056062581 0.6552734375 0.10625814863102999
2 0.36279296875 0.018904823989569754 0.390625 0.031942633637548894 0.39404296875 0.039765319426336376 0.40625 0.05410691003911343 0.412109375 0.06584093872229466 0.41943359375 0.08930899608865711 0.42041015625 0.11342894393741851 0.41357421875 0.1440677966101695 0.40087890625 0.16492829204693613 0.3818359375 0.18578878748370273 0.35302734375 0.1981747066492829 0.34130859375 0.19621903520208606 0.32763671875 0.18904823989569752 0.31787109375 0.17992177314211213 0.310546875 0.16883963494132986 0.3037109375 0.1544980443285528 0.29833984375 0.13363754889178617 0.29443359375 0.08865710560625815 0.3037109375 0.04954367666232073 0.31640625 0.03129074315514994 0.328125 0.020860495436766623 0.3623046875 0.018904823989569754
2 0.2626953125 0.8983050847457628 0.2724609375 0.9009126466753585 0.2841796875 0.9080834419817471 0.296875 0.9224250325945241 0.30224609375 0.9328552803129074 0.30419921875 0.9530638852672751 0.30126953125 0.9856584093872229 0.29541015625 0.999348109517601 0.1943359375 0.999348109517601 0.193359375 0.9771838331160365 0.19775390625 0.9569752281616688 0.21484375 0.923728813559322 0.2236328125 0.9139504563233377 0.23828125 0.9035202086049544 0.24951171875 0.8989569752281616 0.26220703125 0.8983050847457628
2 0 0 0.0439453125 0 0.044921875 0.012385919165580182 0.04443359375 0.01564537157757497 0.041015625 0.01564537157757497 0 0.00651890482398957 0 0.000651890482398957
2 0.25732421875 0 0.3359375 0 0.3291015625 0.018252933507170794 0.30419921875 0.0423728813559322 0.29248046875 0.0423728813559322 0.27880859375 0.03650586701434159 0.26025390625 0.01564537157757497 0.25732421875 0.000651890482398957
2 0.60107421875 0.4602346805736636 0.6240234375 0.470013037809648 0.634765625 0.48370273794002605 0.64013671875 0.49869621903520206 0.64306640625 0.5149934810951761 0.640625 0.5501955671447197 0.6298828125 0.5782268578878749 0.61767578125 0.5919165580182529 0.609375 0.5964797913950456 0.578125 0.5997392438070405 0.57275390625 0.6023468057366362 0.56787109375 0.6023468057366362 0.5615234375 0.5958279009126467 0.5498046875 0.5912646675358539 0.53955078125 0.5769230769230769 0.53466796875 0.5645371577574967 0.53173828125 0.5469361147327249 0.53369140625 0.5273794002607562 0.54541015625 0.4973924380704042 0.56103515625 0.47783572359843546 0.57666015625 0.4661016949152542 0.6005859375 0.4602346805736636
2 0.3779296875 0 0.46240234375 0 0.462890625 0.003911342894393742 0.47119140625 0.011734028683181226 0.466796875 0.037157757496740544 0.458984375 0.038461538461538464 0.4453125 0.03455019556714472 0.42822265625 0.051499348109517604 0.4140625 0.05345501955671447 0.3994140625 0.043676662320730114 0.39306640625 0.03259452411994785 0.38623046875 0.02607561929595828 0.3798828125 0.013689700130378096 0.3779296875 0.000651890482398957
2 0.5712890625 0 0.60693359375 0 0.60546875 0.003259452411994785 0.59423828125 0.009126466753585397 0.5791015625 0.01108213820078227 0.57470703125 0.00847457627118644 0.5712890625 0.000651890482398957
2 0.044921875 0 0.150390625 0 0.14404296875 0.01108213820078227 0.13330078125 0.018904823989569754 0.099609375 0.027379400260756193 0.07421875 0.02607561929595828 0.0498046875 0.018904823989569754 0.044921875 0.013689700130378096 0.044921875 0.000651890482398957
2 0.509765625 0.1166883963494133 0.52685546875 0.12516297262059975 0.5400390625 0.14341590612777053 0.546875 0.16492829204693613 0.55078125 0.18839634941329855 0.55078125 0.20795306388526727 0.5478515625 0.22229465449804434 0.54345703125 0.2320730117340287 0.5302734375 0.24771838331160365 0.515625 0.2542372881355932 0.5087890625 0.25358539765319427 0.501953125 0.24511082138200782 0.48828125 0.23859191655801826 0.47119140625 0.2196870925684485 0.46142578125 0.21316818774445892 0.4560546875 0.2001303780964798 0.45654296875 0.1714471968709257 0.46630859375 0.14276401564537158 0.482421875 0.12255541069100391 0.49951171875 0.11603650586701435 0.50927734375 0.1166883963494133