1 0.423583984375 0.2288135593220339 0.55419921875 0.4576271186440678
2 0.7197265625 0.6375488917861799 0.74560546875 0.6466753585397653 0.767578125 0.6642764015645372 0.78125 0.682529335071708 0.7880859375 0.6955671447196871 0.794921875 0.7249022164276402 0.79443359375 0.7385919165580183 0.7880859375 0.7640156453715776 0.78076171875 0.7770534550195567 0.7646484375 0.7940026075619296 0.76318359375 0.8083441981747066 0.7587890625 0.8116036505867015 0.74658203125 0.8070404172099087 0.74072265625 0.8109517601043025 0.728515625 0.8135593220338984 0.70703125 0.8089960886571056 0.69970703125 0.8037809647979139 0.68505859375 0.7861799217731421 0.67529296875 0.7633637548891786 0.66845703125 0.7235984354628422 0.67431640625 0.6831812255541069 0.67333984375 0.6714471968709257 0.6748046875 0.6649282920469362 0.68212890625 0.6551499348109517 0.6943359375 0.6447196870925684 0.70947265625 0.6382007822685789 0.71923828125 0.6375488917861799
2 0.65869140625 0.741851368970013 0.6708984375 0.7594524119947849 0.6806640625 0.7861799217731421 0.681640625 0.818122555410691 0.67626953125 0.8389830508474576 0.666015625 0.8552803129074316 0.64990234375 0.8657105606258149 0.6416015625 0.8670143415906127 0.63037109375 0.8657105606258149 0.6181640625 0.8591916558018253 0.60205078125 0.8455019556714471 0.58984375 0.8279009126466753 0.5830078125 0.8083441981747066 0.583984375 0.7711864406779662 0.5869140625 0.7620599739243807 0.59716796875 0.7509778357235984 0.6005859375 0.742503259452412 0.6162109375 0.7451108213820078 0.64990234375 0.7392438070404173 0.658203125 0.741851368970013
2 0.8740234375 0.20404172099087353 0.8740234375 0.3076923076923077 0.86669921875 0.30378096479791394 0.853515625 0.2907431551499348 0.8466796875 0.27640156453715775 0.84375 0.26140808344198174 0.8466796875 0.24185136897001303 0.85400390625 0.2288135593220339 0.8603515625 0.20599739243807041 0.8642578125 0.20273794002607562 0.87353515625 0.20404172099087353
2 0.814453125 0 0.8720703125 0 0.8740234375 0.00847457627118644 0.8740234375 0.04432855280312908 0.86279296875 0.04889178617992177 0.84619140625 0.04954367666232073 0.8310546875 0.04302477183833116 0.8232421875 0.033246414602346806 0.818359375 0.02151238591916558 0.814453125 0.000651890482398957
2 0.14208984375 0.09061277705345502 0.162109375 0.09908735332464146 0.1826171875 0.11929595827900913 0.1943359375 0.14146023468057367 0.20068359375 0.16297262059973924 0.20166015625 0.18252933507170796 0.2001953125 0.19426336375488917 0.19482421875 0.2105606258148631 0.1796875 0.2333767926988266 0.1669921875 0.23859191655801826 0.13623046875 0.23468057366362452 0.1259765625 0.22620599739243807 0.1259765625 0.15319426336375488 0.12744140625 0.15189048239895697 0.1259765625 0.14732724902216426 0.1259765625 0.09191655801825294 0.1416015625 0.09061277705345502
2 0.41650390625 0.5684485006518905 0.43603515625 0.5717079530638852 0.4443359375 0.576271186440678 0.44970703125 0.5827900912646675 0.458984375 0.6043024771838331 0.45751953125 0.6336375488917861 0.4501953125 0.6590612777053455 0.43505859375 0.6831812255541069 0.4140625 0.7020860495436767 0.39697265625 0.7073011734028684 0.37939453125 0.7046936114732725 0.36669921875 0.696870925684485 0.3603515625 0.6883963494132985 0.3505859375 0.666232073011734 0.349609375 0.6251629726205997 0.35595703125 0.6036505867014341 0.369140625 0.5853976531942634 0.38720703125 0.5743155149934811 0.40478515625 0.5684485006518905 0.416015625 0.5684485006518905
2 0.525390625 0.46088657105606257 0.54248046875 0.470013037809648 0.5556640625 0.4876140808344198 0.56689453125 0.515645371577575 0.5693359375 0.529335071707953 0.568359375 0.5495436766623207 0.5615234375 0.5743155149934811 0.54541015625 0.6023468057366362 0.52783203125 0.6153846153846154 0.50439453125 0.6205997392438071 0.486328125 0.6179921773142112 0.4697265625 0.605606258148631 0.46484375 0.5990873533246415 0.45703125 0.5847457627118644 0.4541015625 0.5730117340286832 0.45068359375 0.5488917861799217 0.451171875 0.529335071707953 0.45947265625 0.5019556714471969 0.46923828125 0.48565840938722293 0.47900390625 0.4745762711864407 0.4951171875 0.46479791395045633 0.5107421875 0.46088657105606257 0.52490234375 0.46088657105606257
2 0.6328125 0.5990873533246415 0.65283203125 0.6127770534550195 0.6630859375 0.6284224250325945 0.6689453125 0.6453715775749674 0.6728515625 0.6786179921773142 0.66845703125 0.711864406779661 0.6630859375 0.7268578878748371 0.64892578125 0.7405475880052151 0.634765625 0.741851368970013 0.6083984375 0.741199478487614 0.5849609375 0.7301173402868318 0.57666015625 0.7196870925684485 0.57177734375 0.6988265971316818 0.57373046875 0.6616688396349413 0.580078125 0.6414602346805737 0.591796875 0.6179921773142112 0.61376953125 0.5997392438070405 0.63232421875 0.5990873533246415
2 0.54150390625 0.6975228161668839 0.55859375 0.7079530638852672 0.56982421875 0.7235984354628422 0.58203125 0.758148631029987 0.58251953125 0.7868318122555411 0.5771484375 0.8083441981747066 0.56884765625 0.8233376792698827 0.55712890625 0.834419817470665 0.5361328125 0.8415906127770535 0.515625 0.8409387222946545 0.501953125 0.8363754889178618 0.4853515625 0.8265971316818774 0.47705078125 0.817470664928292 0.4716796875 0.8044328552803129 0.46923828125 0.7907431551499348 0.47216796875 0.7633637548891786 0.48583984375 0.7333767926988266 0.49609375 0.7177314211212517 0.51416015625 0.7001303780964798 0.52880859375 0.6962190352020861 0.541015625 0.6975228161668839
2 0.8740234375 0.9810951760104303 0.8740234375 0.999348109517601 0.84033203125 0.999348109517601 0.85693359375 0.983702737940026 0.87353515625 0.9810951760104303
2 0.8740234375 0.7059973924380704 0.8740234375 0.8455019556714471 0.8466796875 0.8415906127770535 0.81591796875 0.8239895697522817 0.802734375 0.8089960886571056 0.79150390625 0.7900912646675359 0.79052734375 0.771838331160365 0.7939453125 0.7529335071707953 0.81103515625 0.727509778357236 0.84765625 0.7086049543676662 0.86083984375 0.7053455019556715 0.87353515625 0.7059973924380704
2 0.66162109375 0.9002607561929595 0.685546875 0.9106910039113429 0.69970703125 0.9276401564537158 0.7080078125 0.9478487614080835 0.70751953125 0.984354628422425 0.71826171875 0.9915254237288136 0.72021484375 0.999348109517601 0.59423828125 0.999348109517601 0.58642578125 0.9817470664928292 0.58349609375 0.9667535853976532 0.58740234375 0.9413298565840938 0.59423828125 0.9250325945241199 0.6044921875 0.9139504563233377 0.6181640625 0.9054758800521513 0.6357421875 0.9009126466753585 0.6611328125 0.9002607561929595