2 0.7607421875 0.7086049543676662 0.77734375 0.7190352020860495 0.78759765625 0.7307692307692307 0.79736328125 0.7516297262059974 0.80224609375 0.7731421121251629 0.80078125 0.7940026075619296 0.787109375 0.833767926988266 0.77294921875 0.8513689700130378 0.75341796875 0.8624511082138201 0.73681640625 0.8565840938722294 0.7265625 0.848761408083442 0.71240234375 0.8324641460234681 0.69580078125 0.7959582790091264 0.6923828125 0.7685788787483703 0.69482421875 0.7646675358539765 0.71240234375 0.7568448500651891 0.732421875 0.742503259452412 0.7470703125 0.7249022164276402 0.755859375 0.7092568448500652 0.76025390625 0.7086049543676662
0 0.470703125 0.8070404172099087 0.4921875 0.8129074315514994 0.5263671875 0.834419817470665 0.54248046875 0.8507170795306388 0.55419921875 0.8676662320730117 0.56494140625 0.8891786179921773 0.5751953125 0.9204693611473272 0.58154296875 0.9628422425032594 0.58154296875 0.999348109517601 0.32861328125 0.999348109517601 0.328125 0.9628422425032594 0.33349609375 0.9256844850065189 0.34375 0.8917861799217731 0.3642578125 0.8539765319426337 0.3916015625 0.8279009126466753 0.42041015625 0.8135593220338984 0.4326171875 0.8096479791395046 0.47021484375 0.8070404172099087
0 0.64697265625 0.4445893089960887 0.67529296875 0.4498044328552803 0.69189453125 0.45827900912646674 0.71240234375 0.4726205997392438 0.72802734375 0.49022164276401564 0.75048828125 0.530638852672751 0.7578125 0.5495436766623207 0.76806640625 0.5893089960886571 0.7705078125 0.6101694915254238 0.7705078125 0.6479791395045632 0.765625 0.6786179921773142 0.755859375 0.7053455019556715 0.7451171875 0.7242503259452412 0.73193359375 0.7405475880052151 0.7119140625 0.7548891786179922 0.6884765625 0.7653194263363755 0.6640625 0.7692307692307693 0.64111328125 0.7672750977835724 0.625 0.7614080834419817 0.591796875 0.742503259452412 0.57080078125 0.7249022164276402 0.5537109375 0.7007822685788787 0.53759765625 0.6707953063885267 0.52490234375 0.636897001303781 0.52099609375 0.6134289439374185 0.5205078125 0.5840938722294654 0.5244140625 0.5547588005215124 0.53076171875 0.5319426336375489 0.54541015625 0.5039113428943938 0.5673828125 0.47783572359843546 0.595703125 0.45697522816166886 0.619140625 0.44654498044328556 0.646484375 0.4445893089960887
2 0.717529296875 0.9589308996088657 0.11083984375 0.08213820078226858
2 0.49072265625 0.7356584093872229 0.10400390625 0.1453715775749674
2 0.602783203125 0.825619295958279 0.11328125 0.12385919165580182
2 0.8525390625 0.8347457627118644 0.09716796875 0.15514993481095177
2 0.84814453125 0.6675358539765319 0.1259765625 0.15384615384615385
2 0.930419921875 0.4592568448500652 0.12255859375 0.17209908735332463
2 0.78369140625 0.38885267275097785 0.1494140625 0.18057366362451108
2 0.455322265625 0.6241851368970013 0.12890625 0.1421121251629726
2 0.122802734375 0.3536505867014342 0.16943359375 0.16297262059973924
2 0.42333984375 0.26597131681877445 0.126953125 0.1636245110821382
2 0.546142578125 0.33702737940026073 0.1181640625 0.12972620599739243
2 0.534912109375 0.19230769230769232 0.10107421875 0.15645371577574968