1 0.24124753451676534 0.6020330754058565 0.45438856015779094 0.739950986064716
2 0.67626953125 0.10625814863102999 0.701171875 0.11799217731421122 0.72021484375 0.14667535853976532 0.732421875 0.15058670143415906 0.7333984375 0.1544980443285528 0.72998046875 0.17079530638852672 0.734375 0.18709256844850064 0.734375 0.20730117340286833 0.728515625 0.23142112125162972 0.71435546875 0.2529335071707953 0.697265625 0.26597131681877445 0.66748046875 0.27509778357235987 0.63720703125 0.26727509778357234 0.62841796875 0.2685788787483703 0.62353515625 0.2666232073011734 0.6162109375 0.25684485006518903 0.6083984375 0.2405475880052151 0.603515625 0.22033898305084745 0.60302734375 0.20664928292046936 0.60986328125 0.17209908735332463 0.623046875 0.14276401564537158 0.63671875 0.12451108213820078 0.64990234375 0.11277705345501955 0.6640625 0.10691003911342895 0.67578125 0.10625814863102999
2 0.74267578125 0.2588005215123859 0.75390625 0.2646675358539765 0.76611328125 0.27835723598435463 0.77392578125 0.29986962190352023 0.7744140625 0.3226857887874837 0.76904296875 0.34224250325945244 0.7587890625 0.363754889178618 0.74560546875 0.38005215123859193 0.73095703125 0.3891786179921773 0.703125 0.3878748370273794 0.6962890625 0.38396349413298564 0.68798828125 0.37027379400260757 0.681640625 0.36571056062581486 0.68359375 0.34485006518904826 0.67919921875 0.2966101694915254 0.68115234375 0.288135593220339 0.68701171875 0.2790091264667536 0.71435546875 0.2588005215123859 0.7421875 0.2588005215123859
2 0.98193359375 0.181877444589309 0.98876953125 0.1877444589308996 0.99951171875 0.1864406779661017 0.99951171875 0.3050847457627119 0.9794921875 0.318122555410691 0.9501953125 0.3239895697522816 0.9345703125 0.31747066492829207 0.91796875 0.29986962190352023 0.916015625 0.2737940026075619 0.912109375 0.25945241199478486 0.91357421875 0.23728813559322035 0.9208984375 0.21773142112125163 0.93994140625 0.19295958279009126 0.9580078125 0.18252933507170796 0.96728515625 0.18057366362451108 0.9814453125 0.181877444589309
2 0.99365234375 0.9928292046936115 0.99560546875 0.9954367666232073 0.9931640625 0.999348109517601 0.93896484375 0.999348109517601 0.9443359375 0.9947848761408083 0.9677734375 0.9889178617992177 0.98388671875 0.9895697522816167 0.9931640625 0.9928292046936115
2 0.2783203125 0 0.35595703125 0 0.35302734375 0.010430247718383311 0.34326171875 0.02803129074315515 0.33251953125 0.037157757496740544 0.3212890625 0.04106910039113429 0.306640625 0.037157757496740544 0.296875 0.027379400260756193 0.27978515625 0.018904823989569754 0.27734375 0.013689700130378096 0.2783203125 0.000651890482398957
2 0.0390625 0 0.0986328125 0 0.09912109375 0.001955671447196871 0.10693359375 0 0.10986328125 0.003259452411994785 0.12841796875 0.003259452411994785 0.1318359375 0 0.15869140625 0 0.16259765625 0.024771838331160364 0.162109375 0.0423728813559322 0.158203125 0.056714471968709254 0.14697265625 0.07170795306388526 0.1201171875 0.08213820078226858 0.08935546875 0.08083441981747067 0.06591796875 0.07170795306388526 0.05615234375 0.06453715775749674 0.044921875 0.050195567144719684 0.0361328125 0.02607561929595828 0.03515625 0.011734028683181226 0.0390625 0.000651890482398957
2 0.26220703125 0.8983050847457628 0.27099609375 0.9002607561929595 0.283203125 0.9074315514993481 0.29052734375 0.9139504563233377 0.30078125 0.9289439374185137 0.3037109375 0.940677966101695 0.30419921875 0.954367666232073 0.30078125 0.9882659713168188 0.294921875 0.999348109517601 0.19384765625 0.9980443285528031 0.193359375 0.9778357235984355 0.19677734375 0.9602346805736637 0.2021484375 0.9458930899608866 0.21484375 0.923728813559322 0.2373046875 0.9041720990873533 0.25 0.8989569752281616 0.26171875 0.8983050847457628
2 0.60009765625 0.5567144719687093 0.619140625 0.5664928292046936 0.63037109375 0.5775749674054759 0.64794921875 0.60625814863103 0.65478515625 0.6290743155149935 0.65478515625 0.6531942633637549 0.650390625 0.6707953063885267 0.6455078125 0.68122555410691 0.62744140625 0.6981747066492829 0.611328125 0.7014341590612777 0.58935546875 0.6994784876140808 0.57177734375 0.6864406779661016 0.56396484375 0.6747066492829205 0.5576171875 0.6590612777053455 0.55126953125 0.6271186440677966 0.55224609375 0.5932203389830508 0.55908203125 0.5710560625814863 0.568359375 0.560625814863103 0.578125 0.5547588005215124 0.599609375 0.5567144719687093
2 0.00390625 0 0.03759765625 0 0.03564453125 0.010430247718383311 0.0361328125 0.02346805736636245 0.03857421875 0.03585397653194263 0.04541015625 0.05345501955671447 0.03466796875 0.07170795306388526 0.02587890625 0.08148631029986962 0.01318359375 0.08865710560625815 0 0.09061277705345502 0 0.003259452411994785 0.00390625 0.000651890482398957
2 0 0.5671447196870926 0.001953125 0.5671447196870926 0.01025390625 0.5808344198174706 0.01318359375 0.5997392438070405 0.01171875 0.6303780964797914 0.005859375 0.6434159061277706 0 0.6479791395045632 0 0.5677966101694916
2 0.5341796875 0.40808344198174706 0.5556640625 0.4178617992177314 0.57666015625 0.439374185136897 0.58642578125 0.46284224250325945 0.59033203125 0.4941329856584094 0.5888671875 0.516297262059974 0.5791015625 0.5404172099087353 0.5625 0.5580182529335072 0.53662109375 0.5658409387222947 0.52197265625 0.5651890482398957 0.5107421875 0.560625814863103 0.4892578125 0.5410691003911343 0.48095703125 0.5280312907431551 0.47412109375 0.5084745762711864 0.47021484375 0.4771838331160365 0.47265625 0.45632333767926986 0.4794921875 0.439374185136897 0.48779296875 0.4282920469361147 0.51171875 0.4106910039113429 0.52197265625 0.4074315514993481 0.53369140625 0.40808344198174706
2 0.6337890625 0.2692307692307692 0.65869140625 0.27509778357235987 0.66845703125 0.28096479791395046 0.67724609375 0.29335071707953064 0.68017578125 0.3011734028683181 0.6806640625 0.35528031290743156 0.67578125 0.3774445893089961 0.66845703125 0.39308996088657105 0.66259765625 0.39895697522816165 0.64892578125 0.4041720990873533 0.61962890625 0.40091264667535853 0.60595703125 0.39308996088657105 0.58837890625 0.3774445893089961 0.57470703125 0.34810951760104303 0.57470703125 0.3194263363754889 0.58447265625 0.29595827900912647 0.59619140625 0.28226857887874834 0.60595703125 0.2757496740547588 0.63330078125 0.26988265971316816
2 0.71484375 0.3898305084745763 0.73095703125 0.3970013037809648 0.7421875 0.40808344198174706 0.75048828125 0.423728813559322 0.755859375 0.4517601043024772 0.75537109375 0.4791395045632334 0.7470703125 0.5136897001303781 0.73779296875 0.530638852672751 0.720703125 0.5410691003911343 0.697265625 0.5371577574967406 0.67236328125 0.516297262059974 0.6533203125 0.4895697522816167 0.64892578125 0.4771838331160365 0.64697265625 0.46153846153846156 0.6474609375 0.4471968709256845 0.65283203125 0.4282920469361147 0.65771484375 0.41851368970013036 0.66748046875 0.4067796610169492 0.693359375 0.39048239895697523 0.71435546875 0.3898305084745763
2 0.8603515625 0 0.97412109375 0 0.97412109375 0.005215123859191656 0.96533203125 0.02151238591916558 0.9462890625 0.04106910039113429 0.927734375 0.05410691003911343 0.8994140625 0.059322033898305086 0.8828125 0.054758800521512385 0.87158203125 0.0423728813559322 0.8623046875 0.02346805736636245 0.8603515625 0.000651890482398957
2 0.654296875 0 0.7587890625 0 0.755859375 0.037157757496740544 0.74267578125 0.07822685788787484 0.7314453125 0.09582790091264667 0.71728515625 0.11082138200782268 0.70361328125 0.1121251629726206 0.689453125 0.1075619295958279 0.67041015625 0.0847457627118644 0.65625 0.03585397653194263 0.65380859375 0.018252933507170794 0.654296875 0.000651890482398957
2 0.876953125 0.20599739243807041 0.8837890625 0.22099087353324642 0.88525390625 0.2320730117340287 0.90478515625 0.24967405475880053 0.91259765625 0.2633637548891786 0.916015625 0.27835723598435463 0.91552734375 0.2926988265971317 0.91015625 0.31421121251629724 0.9052734375 0.3213820078226858 0.900390625 0.3376792698826597 0.88525390625 0.3644067796610169 0.86767578125 0.38005215123859193 0.849609375 0.38852672750977835 0.82421875 0.38005215123859193 0.81005859375 0.3604954367666232 0.80224609375 0.3344198174706649 0.7998046875 0.2842242503259452 0.8076171875 0.2522816166883963 0.8203125 0.2333767926988266 0.83544921875 0.22229465449804434 0.86279296875 0.22294654498044328 0.86962890625 0.20664928292046936 0.87646484375 0.20599739243807041