1 0.576416015625 0.7708604954367666 0.55419921875 0.45827900912646674
2 0.283203125 0.18709256844850064 0.29931640625 0.19426336375488917 0.318359375 0.2183833116036506 0.32568359375 0.2379400260756193 0.33203125 0.2757496740547588 0.326171875 0.3161668839634941 0.3271484375 0.32790091264667537 0.32568359375 0.3344198174706649 0.30712890625 0.3539765319426336 0.28662109375 0.3617992177314211 0.2724609375 0.3604954367666232 0.2548828125 0.35267275097783574 0.23291015625 0.3350717079530639 0.21923828125 0.31681877444589307 0.21240234375 0.30378096479791394 0.20556640625 0.27444589308996087 0.2060546875 0.2607561929595828 0.21240234375 0.23533246414602346 0.2197265625 0.22229465449804434 0.23583984375 0.20534550195567144 0.23876953125 0.18904823989569752 0.24169921875 0.1877444589308996 0.25390625 0.19230769230769232 0.26611328125 0.1864406779661017 0.28271484375 0.18709256844850064
2 0.36767578125 0.13298565840938723 0.38232421875 0.14015645371577576 0.3984375 0.15384615384615385 0.41064453125 0.1714471968709257 0.41748046875 0.1910039113428944 0.41650390625 0.22816166883963493 0.41357421875 0.23728813559322035 0.4033203125 0.24837027379400262 0.39990234375 0.25684485006518903 0.38427734375 0.2542372881355932 0.3505859375 0.26010430247718386 0.34033203125 0.2561929595827901 0.32958984375 0.23989569752281617 0.3193359375 0.21121251629726207 0.31884765625 0.18122555410691005 0.32421875 0.16036505867014342 0.33447265625 0.1440677966101695 0.3505859375 0.13363754889178617 0.3671875 0.13298565840938723
2 0.12939453125 0.6923076923076923 0.14697265625 0.7086049543676662 0.15380859375 0.7229465449804433 0.15673828125 0.7379400260756193 0.15380859375 0.757496740547588 0.14404296875 0.7770534550195567 0.14208984375 0.7894393741851369 0.13623046875 0.7966101694915254 0.1259765625 0.7953063885267275 0.1259765625 0.6916558018252934 0.12890625 0.6923076923076923
2 0.16259765625 0.9524119947848761 0.17138671875 0.9582790091264668 0.1796875 0.970664928292047 0.18603515625 0.999348109517601 0.12841796875 0.999348109517601 0.1279296875 0.9921773142112125 0.1259765625 0.9908735332464146 0.1259765625 0.9550195567144719 0.14453125 0.9498044328552803 0.162109375 0.9524119947848761
2 0.8447265625 0.7614080834419817 0.8662109375 0.7653194263363755 0.8740234375 0.7731421121251629 0.8740234375 0.9074315514993481 0.8720703125 0.9087353324641461 0.8583984375 0.9087353324641461 0.84521484375 0.9041720990873533 0.8330078125 0.8956975228161669 0.81591796875 0.877444589308996 0.80615234375 0.8578878748370273 0.80078125 0.8415906127770535 0.798828125 0.8272490221642764 0.80029296875 0.8050847457627118 0.810546875 0.7790091264667536 0.8251953125 0.7633637548891786 0.83349609375 0.7607561929595827 0.84423828125 0.7614080834419817
2 0.615234375 0.2926988265971317 0.62841796875 0.2985658409387223 0.63623046875 0.3050847457627119 0.64892578125 0.32920469361147325 0.6513671875 0.35071707953063885 0.65087890625 0.3741851368970013 0.64453125 0.3956975228161669 0.634765625 0.4106910039113429 0.61962890625 0.42242503259452413 0.595703125 0.43089960886571055 0.5703125 0.42959582790091266 0.5537109375 0.42046936114732725 0.5458984375 0.40808344198174706 0.54150390625 0.39504563233376794 0.54296875 0.36571056062581486 0.55126953125 0.33833116036505867 0.55859375 0.32529335071707954 0.57177734375 0.30964797913950454 0.58251953125 0.29986962190352023 0.59326171875 0.2940026075619296 0.61474609375 0.2926988265971317
2 0.51513671875 0.3820078226857888 0.53076171875 0.39374185136897 0.5439453125 0.41590612777053454 0.5498046875 0.45045632333767927 0.548828125 0.4726205997392438 0.541015625 0.4973924380704042 0.53125 0.5136897001303781 0.521484375 0.5247718383311604 0.50537109375 0.5345501955671447 0.4833984375 0.5391134289439374 0.4677734375 0.5358539765319427 0.455078125 0.5267275097783573 0.44677734375 0.515645371577575 0.43603515625 0.4915254237288136 0.431640625 0.47392438070404175 0.43310546875 0.4445893089960887 0.43896484375 0.42503259452411996 0.44677734375 0.409387222946545 0.455078125 0.3970013037809648 0.46337890625 0.3898305084745763 0.47265625 0.38396349413298564 0.49609375 0.378748370273794 0.5146484375 0.3820078226857888
2 0.39208984375 0.258148631029987 0.41552734375 0.2692307692307692 0.423828125 0.2796610169491525 0.4287109375 0.3005215123859192 0.42822265625 0.3272490221642764 0.42041015625 0.3578878748370274 0.40869140625 0.3813559322033898 0.39453125 0.39504563233376794 0.38525390625 0.4002607561929596 0.365234375 0.39960886571056065 0.345703125 0.38396349413298564 0.33740234375 0.3709256844850065 0.33251953125 0.3578878748370274 0.32763671875 0.32073011734028684 0.33251953125 0.28552803129074317 0.33740234375 0.27249022164276404 0.345703125 0.2627118644067797 0.35595703125 0.258148631029987 0.3916015625 0.258148631029987
2 0.48681640625 0.1590612777053455 0.5087890625 0.1681877444589309 0.5234375 0.181877444589309 0.53125 0.2046936114732725 0.53076171875 0.22294654498044328 0.52587890625 0.242503259452412 0.50634765625 0.2790091264667536 0.4892578125 0.29726205997392435 0.4716796875 0.303129074315515 0.4609375 0.30247718383311606 0.44677734375 0.2953063885267275 0.439453125 0.28878748370273793 0.4306640625 0.2757496740547588 0.41845703125 0.24119947848761408 0.41845703125 0.20730117340286833 0.42578125 0.18448500651890481 0.443359375 0.16492829204693613 0.46435546875 0.1577574967405476 0.486328125 0.1590612777053455
2 0.1259765625 0 0.16015625 0 0.14794921875 0.01303780964797914 0.13330078125 0.018252933507170794 0.1259765625 0.018252933507170794 0.1259765625 0.000651890482398957
2 0.1259765625 0.15384615384615385 0.15380859375 0.1577574967405476 0.1845703125 0.17535853976531943 0.19775390625 0.19035202086049544 0.208984375 0.20925684485006518 0.2099609375 0.227509778357236 0.20654296875 0.24641460234680573 0.189453125 0.27183833116036504 0.15283203125 0.2907431551499348 0.1396484375 0.2940026075619296 0.1259765625 0.29335071707953064 0.1259765625 0.1544980443285528
2 0.2802734375 0 0.40625 0 0.4140625 0.017601043024771838 0.4169921875 0.03259452411994785 0.41064453125 0.06649282920469361 0.39599609375 0.08539765319426336 0.37646484375 0.09582790091264667 0.3388671875 0.09908735332464146 0.31494140625 0.08865710560625815 0.30078125 0.07170795306388526 0.29248046875 0.051499348109517604 0.29296875 0.01499348109517601 0.2822265625 0.007822685788787484 0.2802734375 0.000651890482398957