2 0.755859375 0.13820078226857888 0.77294921875 0.14797913950456323 0.787109375 0.16558018252933507 0.80078125 0.20534550195567144 0.80224609375 0.22620599739243807 0.79736328125 0.24771838331160365 0.78759765625 0.2685788787483703 0.77734375 0.2803129074315515 0.7587890625 0.29139504563233376 0.755859375 0.2900912646675359 0.7470703125 0.27444589308996087 0.732421875 0.25684485006518903 0.71240234375 0.242503259452412 0.69482421875 0.23468057366362452 0.6923828125 0.23076923076923078 0.69580078125 0.2033898305084746 0.7021484375 0.1864406779661017 0.7158203125 0.16166883963494133 0.73681640625 0.14276401564537158 0.7509765625 0.13689700130378096 0.75537109375 0.13820078226857888
0 0.32861328125 0 0.58154296875 0 0.58203125 0.014341590612777053 0.58154296875 0.03650586701434159 0.5751953125 0.0788787483702738 0.56494140625 0.11016949152542373 0.5517578125 0.13559322033898305 0.529296875 0.1623207301173403 0.50537109375 0.17926988265971316 0.48876953125 0.1877444589308996 0.45849609375 0.19295958279009126 0.43017578125 0.18904823989569752 0.3994140625 0.1760104302477184 0.38037109375 0.1623207301173403 0.3642578125 0.1453715775749674 0.34375 0.1075619295958279 0.33349609375 0.07366362451108213 0.328125 0.03650586701434159 0.32861328125 0.000651890482398957
0 0.6640625 0.2301173402868318 0.6884765625 0.23402868318122555 0.7119140625 0.24445893089960888 0.73193359375 0.2588005215123859 0.7451171875 0.27509778357235987 0.755859375 0.2940026075619296 0.765625 0.32073011734028684 0.7705078125 0.3513689700130378 0.7705078125 0.3891786179921773 0.76806640625 0.41003911342894395 0.7578125 0.4498044328552803 0.75048828125 0.46870925684485004 0.72802734375 0.5091264667535854 0.71240234375 0.5267275097783573 0.69189453125 0.5410691003911343 0.67529296875 0.5495436766623207 0.64697265625 0.5547588005215124 0.619140625 0.5528031290743155 0.595703125 0.5423728813559322 0.5673828125 0.5215123859191656 0.54541015625 0.4954367666232073 0.53076171875 0.46740547588005216 0.5244140625 0.4445893089960887 0.5205078125 0.4152542372881356 0.52099609375 0.3859191655801825 0.52490234375 0.3624511082138201 0.53759765625 0.3285528031290743 0.5537109375 0.2985658409387223 0.57080078125 0.27444589308996087 0.591796875 0.25684485006518903 0.6181640625 0.24119947848761408 0.64111328125 0.2320730117340287 0.66357421875 0.2301173402868318
2 0.7174556213017752 0.041204210158176664 0.11094674556213024 0.08240842031635333
2 0.4908357988165681 0.26425927497434865 0.1039620315581854 0.14559391466020688
2 0.602810650887574 0.17427030696712778 0.1134122287968442 0.12361263047453001
2 0.8524408284023669 0.16521841545610474 0.09738658777120324 0.15488280114897304
2 0.8481262327416174 0.33257307730881097 0.12573964497041423 0.15384923971825987
2 0.9303081854043392 0.5408060812252969 0.12245315581854044 0.1720320210662202
2 0.783611932938856 0.611038884560096 0.14957347140039445 0.18083704280876073
2 0.455293392504931 0.37591682546050215 0.12902613412228792 0.14179212022557722
2 0.12286242603550296 0.6464301345697395 0.16929733727810647 0.16274313457745415
2 0.4234467455621302 0.7339471132952229 0.1269723865877712 0.16332574723107268
2 0.5461045364891519 0.6628881191352359 0.11834319526627218 0.12982716544646145
2 0.5350098619329389 0.8077480076838216 0.10108481262327418 0.15621918949569125