2 0.259765625 0.1421121251629726 0.2734375 0.15123859191655803 0.2900390625 0.1714471968709257 0.30419921875 0.20404172099087353 0.3076171875 0.23142112125162972 0.30517578125 0.23533246414602346 0.28759765625 0.24315514993481094 0.267578125 0.25749674054758803 0.2529296875 0.27509778357235987 0.244140625 0.2907431551499348 0.2412109375 0.2920469361147327 0.22265625 0.28096479791395046 0.2109375 0.2666232073011734 0.203125 0.24967405475880053 0.1982421875 0.23272490221642764 0.19873046875 0.20990873533246415 0.2099609375 0.17340286831812254 0.22021484375 0.15514993481095177 0.23388671875 0.14341590612777053 0.24658203125 0.13754889178617993 0.25927734375 0.1421121251629726
0 0.41845703125 0.000651890482398957 0.67138671875 0.000651890482398957 0.67236328125 0.010430247718383311 0.6708984375 0.04954367666232073 0.66357421875 0.08604954367666232 0.6513671875 0.11929595827900913 0.63330078125 0.14928292046936115 0.6083984375 0.17209908735332463 0.57958984375 0.1864406779661017 0.5673828125 0.19035202086049544 0.533203125 0.19361147327249023 0.5078125 0.18709256844850064 0.4736328125 0.16558018252933507 0.45751953125 0.14928292046936115 0.44580078125 0.13233376792698825 0.43505859375 0.11082138200782268 0.4248046875 0.07953063885267275 0.41845703125 0.037157757496740544 0.41845703125 0.001303780964797914
0 0.3408203125 0.23076923076923078 0.35888671875 0.23272490221642764 0.38720703125 0.24445893089960888 0.408203125 0.25749674054758803 0.42919921875 0.27509778357235987 0.4462890625 0.29921773142112124 0.46240234375 0.32920469361147325 0.47509765625 0.36310299869621904 0.47900390625 0.38657105606258146 0.4794921875 0.41590612777053454 0.4755859375 0.4452411994784876 0.46923828125 0.4680573663624511 0.45458984375 0.49608865710560623 0.4326171875 0.5221642764015645 0.4140625 0.5365058670143416 0.390625 0.5501955671447197 0.36962890625 0.5554106910039114 0.345703125 0.5547588005215124 0.32470703125 0.5501955671447197 0.2998046875 0.5365058670143416 0.27978515625 0.5195567144719687 0.27197265625 0.5097783572359843 0.24951171875 0.46936114732724904 0.23779296875 0.4361147327249022 0.22998046875 0.3956975228161669 0.22900390625 0.3604954367666232 0.2333984375 0.3259452411994785 0.244140625 0.29465449804432853 0.2548828125 0.2757496740547588 0.26806640625 0.25945241199478486 0.2880859375 0.24511082138200782 0.3115234375 0.23468057366362452 0.34033203125 0.23076923076923078
2 0.282470703125 0.04106910039113429 0.11083984375 0.08213820078226858
2 0.50927734375 0.26434159061277707 0.10400390625 0.1453715775749674
2 0.397216796875 0.17438070404172099 0.11328125 0.12385919165580182
2 0.1474609375 0.1652542372881356 0.09716796875 0.15514993481095177
2 0.15185546875 0.3324641460234681 0.1259765625 0.15384615384615385
2 0.069580078125 0.5407431551499348 0.12255859375 0.17209908735332463
2 0.21630859375 0.6111473272490222 0.1494140625 0.18057366362451108
2 0.544677734375 0.3758148631029987 0.12890625 0.1421121251629726
2 0.877197265625 0.6463494132985659 0.16943359375 0.16297262059973924
2 0.57666015625 0.7340286831812256 0.126953125 0.1636245110821382
2 0.453857421875 0.6629726205997393 0.1181640625 0.12972620599739243
2 0.465087890625 0.8076923076923077 0.10107421875 0.15645371577574968