1 0.56982421875 0.9491525423728814 0.54296875 0.1016949152542373
1 0.57177734375 0.4804432855280313 0.60400390625 0.7131681877444589
2 0.8740234375 0.6831812255541069 0.8740234375 0.8155149934810951 0.86865234375 0.8142112125162972 0.84619140625 0.7933507170795306 0.83544921875 0.7757496740547588 0.83056640625 0.7516297262059974 0.83056640625 0.7405475880052151 0.83349609375 0.7262059973924381 0.8466796875 0.7020860495436767 0.86181640625 0.6870925684485006 0.8681640625 0.6831812255541069 0.87353515625 0.6831812255541069
2 0.44189453125 0.8911342894393742 0.45166015625 0.8930899608865711 0.4619140625 0.9002607561929595 0.4697265625 0.910039113428944 0.4755859375 0.9250325945241199 0.4267578125 0.9641460234680573 0.39599609375 0.999348109517601 0.38427734375 0.999348109517601 0.38134765625 0.9863102998696219 0.38330078125 0.9602346805736637 0.39111328125 0.9361147327249022 0.40185546875 0.9159061277705346 0.41552734375 0.9002607561929595 0.42724609375 0.8930899608865711 0.44140625 0.8911342894393742
2 0.36474609375 0.1258148631029987 0.3837890625 0.13102998696219034 0.4072265625 0.14471968709256844 0.423828125 0.1636245110821382 0.431640625 0.17926988265971316 0.43017578125 0.18252933507170796 0.4091796875 0.196870925684485 0.3876953125 0.21642764015645372 0.35107421875 0.2646675358539765 0.34521484375 0.2607561929595828 0.32666015625 0.22229465449804434 0.3232421875 0.20208604954367665 0.3232421875 0.16427640156453716 0.32666015625 0.15189048239895697 0.3388671875 0.13233376792698825 0.35009765625 0.1258148631029987 0.3642578125 0.1258148631029987
2 0.81298828125 0.1016949152542373 0.83251953125 0.1121251629726206 0.84130859375 0.1271186440677966 0.849609375 0.1590612777053455 0.85205078125 0.19752281616688397 0.84765625 0.22099087353324642 0.83251953125 0.2438070404172099 0.81591796875 0.2516297262059974 0.79833984375 0.2542372881355932 0.76953125 0.2503259452411995 0.7470703125 0.2242503259452412 0.744140625 0.20925684485006518 0.744140625 0.17796610169491525 0.75341796875 0.1453715775749674 0.76904296875 0.11603650586701435 0.7919921875 0.10104302477183832 0.8125 0.1016949152542373
2 0.57470703125 0.8109517601043025 0.6044921875 0.817470664928292 0.62646484375 0.8311603650586702 0.6416015625 0.8441981747066493 0.65576171875 0.8663624511082139 0.66552734375 0.8728813559322034 0.662109375 0.8807040417209909 0.6494140625 0.8917861799217731 0.62353515625 0.9054758800521513 0.611328125 0.9067796610169492 0.599609375 0.9054758800521513 0.58984375 0.9009126466753585 0.578125 0.8917861799217731 0.572265625 0.8833116036505867 0.56298828125 0.8559322033898306 0.56201171875 0.8265971316818774 0.5595703125 0.8220338983050848 0.55908203125 0.8135593220338984 0.57421875 0.8109517601043025
2 0.77685546875 0.8468057366362451 0.7890625 0.8546284224250326 0.80810546875 0.8813559322033898 0.81298828125 0.8963494132985659 0.8154296875 0.9250325945241199 0.81103515625 0.9498044328552803 0.7998046875 0.9758800521512386 0.7880859375 0.9902216427640157 0.7734375 0.999348109517601 0.744140625 0.999348109517601 0.72412109375 0.9850065189048239 0.71337890625 0.970013037809648 0.70263671875 0.9491525423728814 0.697265625 0.9295958279009127 0.697265625 0.9224250325945241 0.701171875 0.9139504563233377 0.705078125 0.9132985658409387 0.72119140625 0.9256844850065189 0.72509765625 0.923728813559322 0.72509765625 0.9146023468057366 0.72119140625 0.9106910039113429 0.72021484375 0.8950456323337679 0.7099609375 0.8767926988265972 0.70947265625 0.8722294654498044 0.712890625 0.8663624511082139 0.7275390625 0.8546284224250326 0.75 0.8441981747066493 0.7607421875 0.8428943937418514 0.7763671875 0.8468057366362451
2 0.64599609375 0.590612777053455 0.66845703125 0.5990873533246415 0.67822265625 0.6108213820078227 0.68701171875 0.6323337679269883 0.68896484375 0.6577574967405476 0.68408203125 0.6883963494132985 0.67138671875 0.7164276401564538 0.66162109375 0.728161668839635 0.64306640625 0.7366362451108214 0.6279296875 0.7340286831812256 0.5947265625 0.7144719687092569 0.5859375 0.7157757496740548 0.583984375 0.7138200782268579 0.58349609375 0.7066492829204694 0.58837890625 0.6975228161668839 0.58837890625 0.6916558018252934 0.57958984375 0.6675358539765319 0.578125 0.6473272490221643 0.57958984375 0.636897001303781 0.58642578125 0.621251629726206 0.6015625 0.6043024771838331 0.61279296875 0.5964797913950456 0.63037109375 0.589960886571056 0.6455078125 0.590612777053455
2 0.41845703125 0.7255541069100391 0.4248046875 0.7288135593220338 0.46630859375 0.7777053455019557 0.5009765625 0.8018252933507171 0.52392578125 0.8083441981747066 0.521484375 0.817470664928292 0.5205078125 0.8363754889178618 0.51123046875 0.8578878748370273 0.49560546875 0.8709256844850065 0.47412109375 0.8761408083441982 0.44873046875 0.8748370273794003 0.43359375 0.8689700130378096 0.42041015625 0.8591916558018253 0.40625 0.8363754889178618 0.40185546875 0.81877444589309 0.40185546875 0.7998696219035202 0.4033203125 0.7894393741851369 0.40869140625 0.7757496740547588 0.41162109375 0.7568448500651891 0.40771484375 0.7333767926988266 0.41015625 0.728161668839635 0.41796875 0.7255541069100391
2 0.44482421875 0.8917861799217731 0.45654296875 0.8963494132985659 0.466796875 0.9061277705345502 0.47412109375 0.9198174706649282 0.47509765625 0.9256844850065189 0.42724609375 0.9634941329856584 0.39599609375 0.999348109517601 0.38427734375 0.999348109517601 0.38134765625 0.9810951760104303 0.3837890625 0.9595827900912647 0.390625 0.9380704041720991 0.4013671875 0.9172099087353325 0.416015625 0.9002607561929595 0.43212890625 0.8917861799217731 0.4443359375 0.8917861799217731
2 0.26220703125 0.44002607561929596 0.275390625 0.44198174706649285 0.29150390625 0.4517601043024772 0.30615234375 0.4680573663624511 0.31103515625 0.4810951760104302 0.3017578125 0.5078226857887875 0.29541015625 0.5182529335071708 0.28369140625 0.529335071707953 0.279296875 0.5430247718383312 0.27197265625 0.5534550195567145 0.27587890625 0.5586701434159062 0.29052734375 0.559973924380704 0.3037109375 0.5749674054758801 0.302734375 0.5814863102998696 0.2939453125 0.5932203389830508 0.2822265625 0.6023468057366362 0.27294921875 0.6069100391134289 0.25927734375 0.6082138200782269 0.24365234375 0.605606258148631 0.22412109375 0.5925684485006519 0.205078125 0.5677966101694916 0.1962890625 0.5501955671447197 0.19140625 0.5345501955671447 0.18994140625 0.5052151238591917 0.19580078125 0.4784876140808344 0.20263671875 0.46479791395045633 0.2109375 0.455019556714472 0.236328125 0.4426336375488918 0.26171875 0.44002607561929596
2 0.56884765625 0.379400260756193 0.5791015625 0.3820078226857888 0.591796875 0.3891786179921773 0.60791015625 0.4074315514993481 0.61767578125 0.43285528031290743 0.62158203125 0.45827900912646674 0.6181640625 0.48891786179921776 0.61279296875 0.5019556714471969 0.6025390625 0.5176010430247718 0.595703125 0.5215123859191656 0.56884765625 0.5254237288135594 0.54541015625 0.5143415906127771 0.5283203125 0.49478487614080835 0.52099609375 0.47979139504563234 0.5146484375 0.45632333767926986 0.51708984375 0.43285528031290743 0.5244140625 0.41003911342894395 0.53564453125 0.394393741851369 0.54638671875 0.3852672750977836 0.5546875 0.38070404172099087 0.568359375 0.379400260756193
2 0.46875 0.024119947848761408 0.47998046875 0.028683181225554105 0.4931640625 0.04302477183833116 0.50732421875 0.07757496740547588 0.5166015625 0.08409387222946545 0.51708984375 0.09452411994784876 0.5078125 0.10365058670143416 0.5048828125 0.13559322033898305 0.4970703125 0.15189048239895697 0.4501953125 0.16883963494132986 0.43017578125 0.16166883963494133 0.4169921875 0.14993481095176012 0.40185546875 0.12190352020860495 0.400390625 0.09191655801825294 0.412109375 0.058018252933507174 0.4296875 0.038461538461538464 0.45068359375 0.024771838331160364 0.46826171875 0.024119947848761408
2 0.578125 0.8109517601043025 0.60498046875 0.817470664928292 0.6279296875 0.8318122555410691 0.64111328125 0.8435462842242504 0.65625 0.8663624511082139 0.66552734375 0.8728813559322034 0.662109375 0.8807040417209909 0.6513671875 0.8904823989569752 0.62548828125 0.9048239895697523 0.615234375 0.9067796610169492 0.599609375 0.9054758800521513 0.58984375 0.9009126466753585 0.576171875 0.8898305084745762 0.57080078125 0.8800521512385919 0.5625 0.8539765319426337 0.5615234375 0.8259452411994785 0.55517578125 0.8129074315514994 0.57763671875 0.8109517601043025
2 0.71142578125 0.13428943937418514 0.7158203125 0.14015645371577576 0.71923828125 0.1623207301173403 0.716796875 0.1727509778357236 0.708984375 0.1897001303780965 0.703125 0.18709256844850064 0.7021484375 0.181877444589309 0.70751953125 0.17340286831812254 0.7099609375 0.15384615384615385 0.70947265625 0.13624511082138202 0.7109375 0.13428943937418514
2 0.78125 0 0.8740234375 0 0.8740234375 0.0045632333767926985 0.85595703125 0.029335071707953065 0.84423828125 0.03911342894393742 0.83154296875 0.04302477183833116 0.81640625 0.03911342894393742 0.79296875 0.02151238591916558 0.78662109375 0.01303780964797914 0.78173828125 0.000651890482398957
2 0.8740234375 0.1395045632333768 0.8740234375 0.27640156453715775 0.87060546875 0.2770534550195567 0.8544921875 0.2692307692307692 0.84619140625 0.25749674054758803 0.83984375 0.2379400260756193 0.84814453125 0.22164276401564537 0.8515625 0.20860495436766624 0.8525390625 0.16166883963494133 0.861328125 0.14928292046936115 0.87353515625 0.1395045632333768