1 0.3444280078895463 0.2699109468741401 0.5157790927021697 0.4924228981996508
0 0.14566814595660751 0.6022799451743389 0.2716148915187377 0.4003141417803939
0 0.8433999013806707 0.48814711380953485 0.2666839250493098 0.3432082269350347
3 0.8667406311637081 0.12242765558581425 0.2665187376725837 0.2448553111716285
3 0.844970703125 0.8269230769230769 0.31005859375 0.34615384615384615
1 0.403564453125 0.8102998696219035 0.55126953125 0.379400260756193
2 0.2392578125 0.02216427640156454 0.255859375 0.03455019556714472 0.26953125 0.056714471968709254 0.27587890625 0.0710560625814863 0.2822265625 0.10495436766623208 0.28125 0.12385919165580182 0.2763671875 0.13689700130378096 0.26708984375 0.14797913950456323 0.25 0.1544980443285528 0.22802734375 0.15123859191655803 0.19921875 0.13494132985658408 0.1845703125 0.11864406779661017 0.17578125 0.09256844850065189 0.17626953125 0.0710560625814863 0.1845703125 0.03650586701434159 0.2109375 0.02151238591916558 0.23046875 0.018904823989569754 0.23876953125 0.02216427640156454
2 0.646484375 0 0.67822265625 0 0.67919921875 0.002607561929595828 0.6826171875 0.002607561929595828 0.68310546875 0 0.748046875 0 0.74853515625 0.002607561929595828 0.74169921875 0.056714471968709254 0.732421875 0.0788787483702738 0.720703125 0.09256844850065189 0.70849609375 0.09322033898305085 0.69140625 0.0984354628422425 0.67919921875 0.09256844850065189 0.6767578125 0.0847457627118644 0.662109375 0.06453715775749674 0.650390625 0.05736636245110821 0.64794921875 0.05345501955671447 0.6435546875 0.02998696219035202 0.64404296875 0.009778357235984355 0.646484375 0.000651890482398957
2 0.71826171875 0.09517601043024772 0.72412109375 0.10104302477183832 0.7275390625 0.10951760104302477 0.72900390625 0.11929595827900913 0.7275390625 0.13559322033898305 0.73095703125 0.1440677966101695 0.73095703125 0.15123859191655803 0.72900390625 0.15189048239895697 0.70166015625 0.14471968709256844 0.69580078125 0.14146023468057367 0.6923828125 0.13494132985658408 0.6923828125 0.11799217731421122 0.69775390625 0.1016949152542373 0.70654296875 0.09517601043024772 0.7177734375 0.09517601043024772
2 0.51025390625 0 0.61572265625 0 0.6123046875 0.009778357235984355 0.6044921875 0.01108213820078227 0.59228515625 0.007822685788787484 0.56689453125 0.03389830508474576 0.5537109375 0.039765319426336376 0.54345703125 0.03911342894393742 0.5244140625 0.026727509778357236 0.51220703125 0.009126466753585397 0.51025390625 0.000651890482398957
2 0.64501953125 0.4165580182529335 0.65576171875 0.4178617992177314 0.67578125 0.4276401564537158 0.69287109375 0.44784876140808344 0.7001953125 0.47196870925684486 0.7001953125 0.5032594524119948 0.6865234375 0.5443285528031291 0.67138671875 0.559322033898305 0.64794921875 0.5684485006518905 0.640625 0.5677966101694916 0.62646484375 0.5612777053455019 0.59716796875 0.5378096479791395 0.5849609375 0.5215123859191656 0.58154296875 0.5104302477183833 0.580078125 0.49478487614080835 0.58154296875 0.47131681877444587 0.591796875 0.4498044328552803 0.6123046875 0.4315514993481095 0.62939453125 0.4211212516297262 0.64453125 0.4165580182529335
2 0.95166015625 0.28292046936114734 0.95947265625 0.2861799217731421 0.96533203125 0.2842242503259452 0.97509765625 0.2861799217731421 0.97802734375 0.2900912646675359 0.978515625 0.2966101694915254 0.99560546875 0.3200782268578879 0.99755859375 0.3285528031290743 0.99951171875 0.32985658409387225 0.99951171875 0.3728813559322034 0.98583984375 0.394393741851369 0.96728515625 0.41590612777053454 0.94775390625 0.3741851368970013 0.939453125 0.36310299869621904 0.92626953125 0.3474576271186441 0.8955078125 0.32529335071707954 0.8974609375 0.3161668839634941 0.90380859375 0.3057366362451108 0.91796875 0.2907431551499348 0.93701171875 0.28292046936114734 0.951171875 0.28292046936114734
2 0.666015625 0.2796610169491525 0.6884765625 0.28292046936114734 0.7099609375 0.29335071707953064 0.72021484375 0.3122555410691004 0.72412109375 0.3363754889178618 0.72412109375 0.3500651890482399 0.73291015625 0.3650586701434159 0.732421875 0.37027379400260757 0.7275390625 0.37809647979139505 0.7197265625 0.38005215123859193 0.71337890625 0.40091264667535853 0.70751953125 0.41134289439374183 0.69287109375 0.4217731421121252 0.6826171875 0.424380704041721 0.67138671875 0.423728813559322 0.65380859375 0.4152542372881356 0.63134765625 0.3983050847457627 0.615234375 0.3774445893089961 0.60595703125 0.3559322033898305 0.60302734375 0.34224250325945244 0.60595703125 0.3213820078226858 0.609375 0.3109517601043025 0.61767578125 0.29921773142112124 0.6416015625 0.2842242503259452 0.66552734375 0.2796610169491525
2 0.70654296875 0.12646675358539766 0.7109375 0.12972620599739243 0.71728515625 0.12842242503259452 0.71875 0.1303780964797914 0.7177734375 0.13689700130378096 0.72021484375 0.1408083441981747 0.72412109375 0.13233376792698825 0.72900390625 0.15058670143415906 0.7509765625 0.16623207301173404 0.7587890625 0.18252933507170796 0.7607421875 0.19947848761408082 0.7587890625 0.21903520208604954 0.751953125 0.23859191655801826 0.74169921875 0.25554106910039115 0.7177734375 0.28096479791395046 0.70849609375 0.2861799217731421 0.70263671875 0.2861799217731421 0.66796875 0.27640156453715775 0.65478515625 0.2522816166883963 0.64697265625 0.21447196870925683 0.6474609375 0.19882659713168188 0.65185546875 0.17470664928292046 0.66162109375 0.16036505867014342 0.6787109375 0.1440677966101695 0.70556640625 0.14146023468057367 0.70654296875 0.14471968709256844 0.71240234375 0.14471968709256844 0.7099609375 0.13559322033898305 0.70654296875 0.13885267275097785 0.69970703125 0.1316818774445893 0.69970703125 0.12972620599739243 0.70361328125 0.13102998696219034 0.7060546875 0.1271186440677966
2 0.23388671875 0 0.34375 0 0.34228515625 0.010430247718383311 0.3291015625 0.02998696219035202 0.3173828125 0.038461538461538464 0.2998046875 0.043676662320730114 0.27490234375 0.04302477183833116 0.26123046875 0.037157757496740544 0.2412109375 0.017601043024771838 0.23486328125 0.00651890482398957 0.23388671875 0.000651890482398957
2 0.98681640625 0.42242503259452413 0.99951171875 0.42698826597131684 0.99951171875 0.5749674054758801 0.984375 0.5795306388526728 0.96826171875 0.5782268578878749 0.955078125 0.5717079530638852 0.95361328125 0.5671447196870926 0.96533203125 0.5352020860495437 0.97216796875 0.5026075619295959 0.97314453125 0.46088657105606257 0.96875 0.42894393741851367 0.97021484375 0.42503259452411996 0.97412109375 0.4230769230769231 0.986328125 0.42242503259452413
2 0.125 0 0.228515625 0 0.2275390625 0.016297262059973925 0.20947265625 0.020860495436766623 0.18359375 0.03389830508474576 0.181640625 0.03650586701434159 0.18212890625 0.04432855280312908 0.17626953125 0.06779661016949153 0.17333984375 0.0710560625814863 0.166015625 0.0697522816166884 0.15625 0.06388526727509779 0.1396484375 0.046284224250325946 0.12939453125 0.02216427640156454 0.125 0.000651890482398957
2 0.00390625 0 0.12255859375 0 0.12744140625 0.025423728813559324 0.12548828125 0.046284224250325946 0.11767578125 0.06779661016949153 0.1103515625 0.0788787483702738 0.10595703125 0.0847457627118644 0.09716796875 0.08865710560625815 0.07763671875 0.09191655801825294 0.046875 0.08148631029986962 0.0341796875 0.0697522816166884 0.01904296875 0.060625814863103 0.00537109375 0.03780964797913951 0.00244140625 0.02346805736636245 0.00390625 0.000651890482398957