1 0.327392578125 0.318122555410691 0.36865234375 0.636245110821382
0 0.57666015625 0.10397653194263363 0.2998046875 0.20795306388526727
0 0.4912109375 0.8901564537157758 0.2568359375 0.2196870925684485
3 0.21728515625 0.9058018252933507 0.18359375 0.18839634941329855
3 0.744873046875 0.8767926988265972 0.25927734375 0.24641460234680573
1 0.732421875 0.371251629726206 0.2841796875 0.7359843546284224
2 0.1953125 0.06714471968709257 0.21484375 0.0788787483702738 0.22705078125 0.0984354628422425 0.2373046875 0.1290743155149935 0.24072265625 0.14602346805736635 0.24169921875 0.16623207301173404 0.23681640625 0.18904823989569752 0.2255859375 0.20404172099087353 0.21337890625 0.20925684485006518 0.19091796875 0.20599739243807041 0.17919921875 0.20078226857887874 0.16845703125 0.19230769230769232 0.150390625 0.1714471968709257 0.14453125 0.15840938722294653 0.14013671875 0.14015645371577576 0.14208984375 0.11408083441981746 0.1533203125 0.0788787483702738 0.17919921875 0.06779661016949153 0.19482421875 0.06714471968709257
2 0.1513671875 0.6923076923076923 0.16796875 0.6994784876140808 0.17431640625 0.7164276401564538 0.189453125 0.7359843546284224 0.1953125 0.7392438070404173 0.19970703125 0.7555410691003911 0.19580078125 0.7783572359843546 0.1962890625 0.7900912646675359 0.19287109375 0.8005215123859192 0.1748046875 0.8194263363754889 0.1328125 0.8318122555410691 0.1259765625 0.8311603650586702 0.1259765625 0.7444589308996089 0.1279296875 0.7438070404172099 0.1279296875 0.7392438070404173 0.1259765625 0.7379400260756193 0.1259765625 0.6955671447196871 0.13720703125 0.6916558018252934 0.15087890625 0.6923076923076923
2 0.22705078125 0.7568448500651891 0.23193359375 0.7614080834419817 0.23486328125 0.7711864406779662 0.2392578125 0.7953063885267275 0.2392578125 0.8083441981747066 0.23388671875 0.8083441981747066 0.2275390625 0.8037809647979139 0.21923828125 0.8057366362451108 0.2080078125 0.8037809647979139 0.20166015625 0.7992177314211213 0.197265625 0.7913950456323338 0.197265625 0.7757496740547588 0.2021484375 0.7640156453715776 0.21435546875 0.7568448500651891 0.2265625 0.7568448500651891
2 0.1259765625 0.5136897001303781 0.1328125 0.516297262059974 0.14599609375 0.5325945241199479 0.15576171875 0.560625814863103 0.15576171875 0.5717079530638852 0.15283203125 0.5860495436766623 0.1318359375 0.6232073011734028 0.13427734375 0.6395045632333768 0.13330078125 0.6499348109517601 0.1259765625 0.6544980443285529 0.1259765625 0.5143415906127771
2 0.49951171875 0.6075619295958279 0.5166015625 0.6134289439374185 0.52880859375 0.6297262059973925 0.54638671875 0.6688396349413298 0.5517578125 0.6936114732724902 0.5458984375 0.7255541069100391 0.5380859375 0.7431551499348109 0.5302734375 0.7516297262059974 0.5029296875 0.7672750977835724 0.4794921875 0.7672750977835724 0.46142578125 0.757496740547588 0.4462890625 0.7346805736636245 0.43896484375 0.7079530638852672 0.43798828125 0.6936114732724902 0.44140625 0.6727509778357236 0.44921875 0.6499348109517601 0.462890625 0.622555410691004 0.47900390625 0.6088657105606258 0.4990234375 0.6075619295958279
2 0.388671875 0.6401564537157758 0.40869140625 0.6538461538461539 0.42431640625 0.6753585397653195 0.43701171875 0.7053455019556715 0.44384765625 0.7320730117340287 0.44189453125 0.757496740547588 0.43408203125 0.7770534550195567 0.42626953125 0.7848761408083442 0.41064453125 0.7933507170795306 0.4091796875 0.8037809647979139 0.40234375 0.8109517601043025 0.39697265625 0.8096479791395046 0.38818359375 0.7992177314211213 0.36279296875 0.7953063885267275 0.35009765625 0.7861799217731421 0.3427734375 0.7731421121251629 0.33740234375 0.7470664928292047 0.33544921875 0.7216427640156454 0.3369140625 0.7001303780964798 0.3486328125 0.6597131681877445 0.35546875 0.6492829204693612 0.36669921875 0.6414602346805737 0.3818359375 0.6375488917861799 0.38818359375 0.6401564537157758
2 0.29150390625 0.696870925684485 0.31494140625 0.7066492829204694 0.3310546875 0.7209908735332464 0.3359375 0.7353324641460235 0.34033203125 0.7783572359843546 0.33056640625 0.8024771838331161 0.3134765625 0.8272490221642764 0.29833984375 0.8409387222946545 0.2802734375 0.848109517601043 0.2626953125 0.8455019556714471 0.251953125 0.8370273794002607 0.244140625 0.8220338983050848 0.23974609375 0.8070404172099087 0.22509765625 0.7992177314211213 0.2314453125 0.7940026075619296 0.228515625 0.7907431551499348 0.2236328125 0.7920469361147328 0.22216796875 0.7900912646675359 0.22314453125 0.7816166883963495 0.220703125 0.7757496740547588 0.22412109375 0.771838331160365 0.22314453125 0.7666232073011734 0.224609375 0.7666232073011734 0.22998046875 0.7757496740547588 0.2275390625 0.7803129074315515 0.234375 0.7835723598435462 0.234375 0.7757496740547588 0.23193359375 0.7744458930899609 0.23291015625 0.742503259452412 0.24365234375 0.7196870925684485 0.2529296875 0.7059973924380704 0.27490234375 0.696870925684485 0.291015625 0.696870925684485
2 0.1259765625 0.14471968709256844 0.13525390625 0.14993481095176012 0.14453125 0.1623207301173403 0.15380859375 0.18122555410691005 0.15869140625 0.2046936114732725 0.15869140625 0.23272490221642764 0.15283203125 0.2620599739243807 0.1484375 0.27183833116036504 0.138671875 0.2848761408083442 0.130859375 0.29139504563233376 0.1259765625 0.29139504563233376 0.1259765625 0.1453715775749674
2 0.1259765625 0 0.142578125 0.005215123859191656 0.16064453125 0.018904823989569754 0.173828125 0.04106910039113429 0.17919921875 0.060625814863103 0.1767578125 0.06779661016949153 0.1591796875 0.07561929595827901 0.1533203125 0.07496740547588006 0.1513671875 0.07757496740547588 0.1416015625 0.1121251629726206 0.13818359375 0.13624511082138202 0.1259765625 0.13754889178617993 0.1259765625 0.000651890482398957
2 0.13623046875 0 0.16064453125 0 0.14697265625 0.002607561929595828 0.13671875 0