1 0.10145463510848127 0.4066767986134148 0.19995069033530571 0.7251387999557692
1 0.5145463510848126 0.40404352108293545 0.5340236686390532 0.8061120840180113
2 0.263671875 0 0.36279296875 0 0.36181640625 0.01108213820078227 0.3515625 0.03259452411994785 0.33154296875 0.05345501955671447 0.31982421875 0.058018252933507174 0.30078125 0.05541069100391134 0.2919921875 0.050195567144719684 0.2763671875 0.03129074315514994 0.2646484375 0.007170795306388526 0.263671875 0.000651890482398957
2 0.18359375 0.5319426336375489 0.1962890625 0.5436766623207301 0.20556640625 0.5638852672750978 0.20703125 0.5860495436766623 0.20361328125 0.6036505867014341 0.193359375 0.6238591916558018 0.18212890625 0.636897001303781 0.1640625 0.651238591916558 0.14501953125 0.6577574967405476 0.1357421875 0.6577574967405476 0.12109375 0.6531942633637549 0.119140625 0.651238591916558 0.11962890625 0.6473272490221643 0.15234375 0.5971316818774446 0.16357421875 0.5749674054758801 0.18017578125 0.5338983050847458 0.18310546875 0.5319426336375489
2 0.7421875 0.590612777053455 0.75244140625 0.6016949152542372 0.76611328125 0.6232073011734028 0.775390625 0.6505867014341591 0.7802734375 0.6799217731421121 0.7802734375 0.6994784876140808 0.775390625 0.7144719687092569 0.7607421875 0.7307692307692307 0.75146484375 0.7353324641460235 0.72314453125 0.7353324641460235 0.7080078125 0.7307692307692307 0.67919921875 0.7059973924380704 0.67626953125 0.7001303780964798 0.6767578125 0.696870925684485 0.71240234375 0.6492829204693612 0.72705078125 0.6205997392438071 0.73779296875 0.5925684485006519 0.74169921875 0.590612777053455
2 0.982421875 0.08865710560625815 0.99951171875 0.0938722294654498 0.99951171875 0.2320730117340287 0.9716796875 0.24185136897001303 0.95654296875 0.2405475880052151 0.9365234375 0.23142112125162972 0.9140625 0.196870925684485 0.9091796875 0.18578878748370273 0.90673828125 0.15514993481095177 0.9091796875 0.14015645371577576 0.9140625 0.12842242503259452 0.9345703125 0.10234680573663625 0.9501953125 0.0938722294654498 0.98193359375 0.08865710560625815
2 0.73876953125 0.02998696219035202 0.7587890625 0.03389830508474576 0.7763671875 0.041720990873533245 0.7861328125 0.04954367666232073 0.79296875 0.060625814863103 0.796875 0.07366362451108213 0.79931640625 0.08865710560625815 0.79931640625 0.10625814863102999 0.7900390625 0.13624511082138202 0.78466796875 0.1440677966101695 0.76171875 0.1636245110821382 0.74560546875 0.17209908735332463 0.736328125 0.17405475880052151 0.71337890625 0.1727509778357236 0.70556640625 0.1681877444589309 0.68701171875 0.1395045632333768 0.68408203125 0.10104302477183832 0.68896484375 0.06192959582790091 0.69921875 0.044980443285528034 0.7138671875 0.03259452411994785 0.7265625 0.029335071707953065 0.73828125 0.02998696219035202
2 0.025390625 0.41395045632333766 0.03662109375 0.41590612777053454 0.04736328125 0.4217731421121252 0.05078125 0.4276401564537158 0.05029296875 0.4348109517601043 0.037109375 0.4784876140808344 0.02685546875 0.5019556714471969 0.001953125 0.5436766623207301 0 0.5436766623207301 0 0.41916558018252936 0.00830078125 0.41460234680573665 0.02490234375 0.41395045632333766
2 0.220703125 0.27835723598435463 0.2255859375 0.29139504563233376 0.2451171875 0.3155149934810952 0.26123046875 0.3559322033898305 0.26708984375 0.39960886571056065 0.26513671875 0.42046936114732725 0.2587890625 0.4198174706649283 0.25537109375 0.4165580182529335 0.2353515625 0.41590612777053454 0.22705078125 0.41199478487614083 0.2099609375 0.4002607561929596 0.19970703125 0.379400260756193 0.19580078125 0.3604954367666232 0.1962890625 0.3344198174706649 0.20751953125 0.29726205997392435 0.21484375 0.28292046936114734 0.22021484375 0.27835723598435463
2 0.1904296875 0.07822685788787484 0.2109375 0.08539765319426336 0.220703125 0.0938722294654498 0.2294921875 0.10560625814863103 0.2353515625 0.11538461538461539 0.24072265625 0.13102998696219034 0.2431640625 0.1558018252933507 0.23681640625 0.1877444589308996 0.2236328125 0.2183833116036506 0.21630859375 0.2183833116036506 0.2041015625 0.20534550195567144 0.1923828125 0.20404172099087353 0.189453125 0.19882659713168188 0.181640625 0.2001303780964798 0.1845703125 0.21447196870925683 0.1904296875 0.2255541069100391 0.18994140625 0.23076923076923078 0.18359375 0.23598435462842243 0.17822265625 0.23598435462842243 0.16357421875 0.2288135593220339 0.14794921875 0.21447196870925683 0.13671875 0.2001303780964798 0.125 0.17014341590612778 0.12353515625 0.14341590612777053 0.1318359375 0.1166883963494133 0.1474609375 0.09517601043024772 0.16796875 0.08148631029986962 0.18994140625 0.07822685788787484
2 0.39013671875 0.24771838331160365 0.4052734375 0.2516297262059974 0.41455078125 0.2588005215123859 0.4228515625 0.2692307692307692 0.4306640625 0.2920469361147327 0.43310546875 0.31877444589308995 0.427734375 0.34876140808344197 0.4169921875 0.37353324641460234 0.40087890625 0.39113428943937417 0.3896484375 0.39504563233376794 0.37451171875 0.39308996088657105 0.3564453125 0.3813559322033898 0.35205078125 0.3813559322033898 0.34521484375 0.3878748370273794 0.33984375 0.38722294654498046 0.33837890625 0.38461538461538464 0.33935546875 0.3728813559322034 0.330078125 0.34810951760104303 0.32275390625 0.3161668839634941 0.32275390625 0.30834419817470665 0.3291015625 0.2835723598435463 0.337890625 0.27053455019556716 0.36279296875 0.2516297262059974 0.3818359375 0.2470664928292047 0.3896484375 0.24771838331160365
2 0.26904296875 0.46740547588005216 0.27392578125 0.4980443285528031 0.28515625 0.5280312907431551 0.29541015625 0.5508474576271186 0.32861328125 0.5997392438070405 0.3310546875 0.6082138200782269 0.3291015625 0.6192959582790091 0.32080078125 0.622555410691004 0.3076171875 0.6173402868318123 0.29345703125 0.621251629726206 0.28125 0.6290743155149935 0.26123046875 0.6303780964797914 0.24462890625 0.621903520208605 0.23095703125 0.605606258148631 0.2275390625 0.5984354628422425 0.21923828125 0.5677966101694916 0.21826171875 0.5475880052151239 0.21875 0.5260756192959583 0.22314453125 0.5019556714471969 0.2294921875 0.4876140808344198 0.24072265625 0.4771838331160365 0.25146484375 0.4706649282920469 0.2685546875 0.4680573663624511
2 0.18212890625 0.5319426336375489 0.19580078125 0.5436766623207301 0.203125 0.5573663624511083 0.20654296875 0.5730117340286832 0.20654296875 0.589960886571056 0.20458984375 0.5990873533246415 0.19287109375 0.6238591916558018 0.171875 0.6453715775749674 0.15576171875 0.6544980443285529 0.1396484375 0.6577574967405476 0.11962890625 0.651238591916558 0.12255859375 0.6421121251629727 0.15283203125 0.5964797913950456 0.181640625 0.5325945241199479
2 0.51611328125 0.7516297262059974 0.52392578125 0.758148631029987 0.53173828125 0.7692307692307693 0.541015625 0.7894393741851369 0.544921875 0.8168187744458931 0.54345703125 0.848109517601043 0.53662109375 0.878748370273794 0.5263671875 0.8963494132985659 0.5126953125 0.9074315514993481 0.49609375 0.9132985658409387 0.47900390625 0.9126466753585397 0.46826171875 0.9087353324641461 0.44921875 0.8930899608865711 0.4365234375 0.8767926988265972 0.4306640625 0.8676662320730117 0.4208984375 0.8415906127770535 0.4189453125 0.8265971316818774 0.419921875 0.8024771838331161 0.4287109375 0.7770534550195567 0.4423828125 0.7607561929595827 0.455078125 0.7790091264667536 0.4560546875 0.7985658409387223 0.4599609375 0.8037809647979139 0.4677734375 0.7940026075619296 0.47802734375 0.788135593220339 0.486328125 0.772490221642764 0.494140625 0.7640156453715776 0.515625 0.7516297262059974
2 0.53125 0.33702737940026073 0.55029296875 0.34224250325945244 0.5693359375 0.35528031290743156 0.5830078125 0.3767926988265971 0.58837890625 0.39374185136897 0.59033203125 0.4074315514993481 0.587890625 0.4322033898305085 0.5791015625 0.4517601043024772 0.5625 0.4706649282920469 0.53955078125 0.47979139504563234 0.52783203125 0.47783572359843546 0.50634765625 0.46479791395045633 0.4892578125 0.438722294654498 0.48095703125 0.40808344198174706 0.48388671875 0.37157757496740546 0.48681640625 0.3624511082138201 0.49853515625 0.34876140808344197 0.50830078125 0.34159061277705344 0.53076171875 0.33702737940026073
2 0.80712890625 0.4758800521512386 0.814453125 0.4810951760104302 0.81640625 0.4895697522816167 0.84228515625 0.5084745762711864 0.84912109375 0.5182529335071708 0.85546875 0.5338983050847458 0.8564453125 0.560625814863103 0.85302734375 0.5769230769230769 0.8330078125 0.6140808344198174 0.82666015625 0.6205997392438071 0.8076171875 0.6316818774445893 0.7861328125 0.6316818774445893 0.77880859375 0.6277705345501956 0.7607421875 0.6082138200782269 0.75341796875 0.5925684485006519 0.75 0.5782268578878749 0.74853515625 0.5619295958279009 0.7607421875 0.5032594524119948 0.77294921875 0.49282920469361147 0.796875 0.48891786179921776 0.802734375 0.4771838331160365 0.806640625 0.4765319426336376
2 0.220703125 0.27835723598435463 0.2255859375 0.2907431551499348 0.24462890625 0.31421121251629724 0.259765625 0.35071707953063885 0.2646484375 0.37222946544980445 0.26708984375 0.39504563233376794 0.265625 0.4256844850065189 0.255859375 0.4172099087353325 0.23486328125 0.41590612777053454 0.21533203125 0.4048239895697523 0.2080078125 0.39765319426336376 0.19970703125 0.379400260756193 0.1953125 0.3546284224250326 0.19677734375 0.3318122555410691 0.20751953125 0.29726205997392435 0.21484375 0.28292046936114734 0.22021484375 0.27835723598435463
2 0.755859375 0.20664928292046936 0.76953125 0.21121251629726207 0.7724609375 0.2138200782268579 0.7734375 0.21903520208604954 0.74462890625 0.22229465449804434 0.73828125 0.22946544980443284 0.734375 0.22816166883963493 0.732421875 0.22033898305084745 0.7451171875 0.20990873533246415 0.75537109375 0.20664928292046936
2 0.87109375 0 0.947265625 0 0.9541015625 0.027379400260756193 0.95361328125 0.048239895697522815 0.9501953125 0.0651890482398957 0.94189453125 0.08604954367666232 0.9267578125 0.11147327249022164 0.91259765625 0.12385919165580182 0.90478515625 0.1271186440677966 0.88330078125 0.1271186440677966 0.869140625 0.12059973924380704 0.8583984375 0.10821382007822686 0.84814453125 0.08604954367666232 0.84228515625 0.061277705345501955 0.84521484375 0.039765319426336376 0.849609375 0.029335071707953065 0.87109375 0.000651890482398957
2 0.66748046875 0 0.77001953125 0 0.7626953125 0.01694915254237288 0.75341796875 0.028683181225554105 0.71826171875 0.02998696219035202 0.70849609375 0.03455019556714472 0.6962890625 0.04563233376792699 0.685546875 0.04041720990873533 0.6728515625 0.02607561929595828 0.66796875 0.011734028683181226 0.66748046875 0.000651890482398957