1 0.56982421875 0.05052151238591916 0.54296875 0.10104302477183832
1 0.57177734375 0.5195567144719687 0.60400390625 0.7131681877444589
2 0.8740234375 0.18513689700130379 0.8740234375 0.31747066492829207 0.86572265625 0.3161668839634941 0.849609375 0.30247718383311606 0.833984375 0.2757496740547588 0.83056640625 0.26010430247718386 0.83251953125 0.23468057366362452 0.83642578125 0.22294654498044328 0.8505859375 0.20208604954367665 0.86865234375 0.1864406779661017 0.87353515625 0.18513689700130379
2 0.38427734375 0 0.3955078125 0 0.4267578125 0.03650586701434159 0.4755859375 0.07561929595827901 0.466796875 0.09517601043024772 0.45166015625 0.1075619295958279 0.43115234375 0.10886571056062581 0.4169921875 0.1016949152542373 0.3994140625 0.08083441981747067 0.38623046875 0.05215123859191656 0.38134765625 0.026727509778357236 0.38134765625 0.014341590612777053 0.38427734375 0.000651890482398957
2 0.35205078125 0.7366362451108214 0.3876953125 0.7842242503259452 0.4091796875 0.8037809647979139 0.43017578125 0.818122555410691 0.431640625 0.8213820078226858 0.423828125 0.8370273794002607 0.4072265625 0.8559322033898306 0.38671875 0.8683181225554107 0.36474609375 0.8748370273794003 0.35009765625 0.8748370273794003 0.3388671875 0.8683181225554107 0.32666015625 0.848761408083442 0.3232421875 0.8363754889178618 0.3232421875 0.7985658409387223 0.32666015625 0.7783572359843546 0.34521484375 0.7398956975228161 0.3515625 0.7366362451108214
2 0.79833984375 0.7464146023468058 0.81591796875 0.7490221642764016 0.83251953125 0.7568448500651891 0.84765625 0.7796610169491526 0.85205078125 0.803129074315515 0.849609375 0.8415906127770535 0.84130859375 0.8735332464146024 0.8369140625 0.8826597131681877 0.82861328125 0.8917861799217731 0.8076171875 0.9002607561929595 0.7919921875 0.8996088657105606 0.76904296875 0.8846153846153846 0.75146484375 0.8500651890482399 0.7451171875 0.8285528031290743 0.74365234375 0.8161668839634941 0.74462890625 0.7855280312907431 0.748046875 0.7750977835723598 0.76953125 0.7503259452411994 0.7978515625 0.7464146023468058
2 0.62109375 0.09452411994784876 0.6513671875 0.11016949152542373 0.662109375 0.11994784876140809 0.66552734375 0.12777053455019557 0.65576171875 0.13428943937418514 0.6416015625 0.15645371577574968 0.62646484375 0.1694915254237288 0.6044921875 0.1831812255541069 0.57470703125 0.1897001303780965 0.55908203125 0.18709256844850064 0.5595703125 0.17861799217731422 0.56201171875 0.17405475880052151 0.56298828125 0.14471968709256844 0.572265625 0.11734028683181226 0.578125 0.10886571056062581 0.59619140625 0.09647979139504563 0.62060546875 0.09452411994784876
2 0.77197265625 0 0.7880859375 0.010430247718383311 0.8037109375 0.031942633637548894 0.81298828125 0.05736636245110821 0.8154296875 0.08735332464146023 0.81005859375 0.11473272490221642 0.8037109375 0.12777053455019557 0.794921875 0.1395045632333768 0.7783203125 0.15319426336375488 0.7607421875 0.1577574967405476 0.75 0.15645371577574968 0.73583984375 0.15058670143415906 0.720703125 0.14146023468057367 0.71044921875 0.1316818774445893 0.71044921875 0.12190352020860495 0.72021484375 0.10560625814863103 0.72119140625 0.08996088657105607 0.72509765625 0.08604954367666232 0.72509765625 0.07692307692307693 0.72119140625 0.07496740547588006 0.70654296875 0.08670143415906127 0.7021484375 0.08735332464146023 0.697265625 0.07822685788787484 0.697265625 0.0710560625814863 0.70263671875 0.051499348109517604 0.71337890625 0.030638852672750978 0.72412109375 0.01564537157757497 0.74658203125 0 0.771484375 0
2 0.64306640625 0.26401564537157757 0.66162109375 0.27249022164276404 0.67578125 0.2920469361147327 0.685546875 0.31747066492829207 0.68896484375 0.3474576271186441 0.685546875 0.3741851368970013 0.68017578125 0.38657105606258146 0.67236328125 0.39765319426336376 0.66162109375 0.40547588005215124 0.6396484375 0.41134289439374183 0.63037109375 0.4106910039113429 0.61279296875 0.4041720990873533 0.591796875 0.38722294654498046 0.57958984375 0.363754889178618 0.578125 0.34224250325945244 0.58154296875 0.3259452411994785 0.58837890625 0.3089960886571056 0.58837890625 0.303129074315515 0.5830078125 0.29139504563233376 0.58447265625 0.2861799217731421 0.5947265625 0.2861799217731421 0.6279296875 0.2666232073011734 0.642578125 0.26401564537157757
2 0.47998046875 0.12516297262059975 0.498046875 0.13102998696219034 0.51123046875 0.14276401564537158 0.5205078125 0.16427640156453716 0.521484375 0.1831812255541069 0.52392578125 0.19230769230769232 0.5009765625 0.19882659713168188 0.46630859375 0.22294654498044328 0.4248046875 0.27183833116036504 0.41845703125 0.27509778357235987 0.41015625 0.27249022164276404 0.40771484375 0.26727509778357234 0.41162109375 0.2438070404172099 0.40869140625 0.22490221642764016 0.4033203125 0.21121251629726207 0.40185546875 0.20078226857887874 0.40185546875 0.181877444589309 0.4072265625 0.16166883963494133 0.42041015625 0.14146023468057367 0.43359375 0.1316818774445893 0.44873046875 0.1258148631029987 0.4794921875 0.12516297262059975
2 0.384765625 0 0.3955078125 0 0.42724609375 0.037157757496740544 0.4755859375 0.07627118644067797 0.466796875 0.09452411994784876 0.451171875 0.10691003911342895 0.43212890625 0.10886571056062581 0.416015625 0.10039113428943937 0.4013671875 0.08344198174706649 0.38623046875 0.051499348109517604 0.38134765625 0.02151238591916558 0.384765625 0.000651890482398957
2 0.27490234375 0.394393741851369 0.2919921875 0.40547588005215124 0.30419921875 0.423728813559322 0.29052734375 0.4406779661016949 0.27587890625 0.44198174706649285 0.27197265625 0.4471968709256845 0.279296875 0.4576271186440678 0.28369140625 0.47131681877444587 0.29541015625 0.48239895697522817 0.3017578125 0.49282920469361147 0.31103515625 0.5221642764015645 0.302734375 0.5371577574967406 0.28515625 0.5541069100391134 0.275390625 0.5586701434159062 0.26220703125 0.560625814863103 0.236328125 0.5580182529335072 0.2109375 0.545632333767927 0.20263671875 0.5358539765319427 0.1943359375 0.5176010430247718 0.1904296875 0.5 0.18994140625 0.4791395045632334 0.19140625 0.4661016949152542 0.19775390625 0.4471968709256845 0.205078125 0.43285528031290743 0.22265625 0.409387222946545 0.24560546875 0.394393741851369 0.2548828125 0.3924380704041721 0.2744140625 0.394393741851369
2 0.5810546875 0.4765319426336376 0.599609375 0.4804432855280313 0.61279296875 0.49869621903520206 0.6181640625 0.5117340286831812 0.62158203125 0.5423728813559322 0.61767578125 0.5677966101694916 0.60791015625 0.5932203389830508 0.591796875 0.6114732724902217 0.5791015625 0.6186440677966102 0.56884765625 0.621251629726206 0.55712890625 0.6205997392438071 0.54638671875 0.6153846153846154 0.53564453125 0.60625814863103 0.5244140625 0.590612777053455 0.51708984375 0.5677966101694916 0.5146484375 0.5443285528031291 0.5244140625 0.5117340286831812 0.54248046875 0.48891786179921776 0.56591796875 0.4758800521512386 0.58056640625 0.4765319426336376
2 0.453125 0.8324641460234681 0.4970703125 0.848761408083442 0.5048828125 0.8650586701434159 0.5078125 0.8970013037809648 0.51708984375 0.9061277705345502 0.5166015625 0.9165580182529335 0.50732421875 0.9230769230769231 0.4931640625 0.9576271186440678 0.47998046875 0.9719687092568449 0.46875 0.9765319426336375 0.45068359375 0.9758800521512386 0.4296875 0.9621903520208605 0.412109375 0.9426336375488917 0.400390625 0.9087353324641461 0.40185546875 0.878748370273794 0.4169921875 0.8507170795306388 0.43017578125 0.8389830508474576 0.44873046875 0.8318122555410691 0.45263671875 0.8324641460234681
2 0.615234375 0.0938722294654498 0.62548828125 0.09582790091264667 0.6513671875 0.11016949152542373 0.662109375 0.11994784876140809 0.66552734375 0.12777053455019557 0.65625 0.13428943937418514 0.64111328125 0.15710560625814862 0.6279296875 0.16883963494132986 0.60498046875 0.1831812255541069 0.578125 0.1897001303780965 0.55517578125 0.1877444589308996 0.5615234375 0.17470664928292046 0.5625 0.14667535853976532 0.57080078125 0.12059973924380704 0.576171875 0.11082138200782268 0.58984375 0.09973924380704041 0.599609375 0.09517601043024772 0.61474609375 0.0938722294654498
2 0.708984375 0.8109517601043025 0.7138671875 0.8200782268578879 0.71923828125 0.8383311603650587 0.7158203125 0.8604954367666232 0.71142578125 0.8663624511082139 0.70947265625 0.864406779661017 0.7099609375 0.8468057366362451 0.70751953125 0.8272490221642764 0.7021484375 0.81877444589309 0.703125 0.8135593220338984 0.70849609375 0.8109517601043025
2 0.83837890625 0.9595827900912647 0.84423828125 0.9615384615384616 0.85595703125 0.9713168187744459 0.8740234375 0.9960886571056062 0.8740234375 0.999348109517601 0.78173828125 0.999348109517601 0.7890625 0.983702737940026 0.8076171875 0.9667535853976532 0.8251953125 0.9582790091264668 0.837890625 0.9595827900912647
2 0.857421875 0.7917209908735332 0.0341796875 0.13820078226857888