1 0.89794921875 0.4071056062581486 0.201171875 0.7073011734028684
1 0.406494140625 0.476857887874837 0.80859375 0.7301173402868318
2 0.8173828125 0.5338983050847458 0.8330078125 0.5736636245110821 0.84716796875 0.6010430247718384 0.87890625 0.6486310299869622 0.87939453125 0.651890482398957 0.876953125 0.6538461538461539 0.86279296875 0.6584093872229465 0.84423828125 0.6558018252933507 0.8251953125 0.6447196870925684 0.8115234375 0.6316818774445893 0.796875 0.6082138200782269 0.7919921875 0.5853976531942634 0.79345703125 0.5645371577574967 0.80419921875 0.5423728813559322 0.81298828125 0.5338983050847458 0.81689453125 0.5338983050847458
2 0.427734375 0.000651890482398957 0.5205078125 0.000651890482398957 0.51904296875 0.011734028683181226 0.50634765625 0.0423728813559322 0.49072265625 0.061277705345501955 0.4775390625 0.06779661016949153 0.46630859375 0.06714471968709257 0.4521484375 0.05867014341590613 0.43896484375 0.03911342894393742 0.42919921875 0.01303780964797914 0.427734375 0.001303780964797914
2 0.58251953125 0.08018252933507171 0.599609375 0.09452411994784876 0.61279296875 0.12059973924380704 0.6171875 0.14667535853976532 0.61572265625 0.17535853976531943 0.60595703125 0.2105606258148631 0.591796875 0.23402868318122555 0.578125 0.2470664928292047 0.5673828125 0.2516297262059974 0.55615234375 0.2522816166883963 0.54443359375 0.2516297262059974 0.5302734375 0.2457627118644068 0.51904296875 0.23598435462842243 0.50439453125 0.21577574967405475 0.49609375 0.18904823989569752 0.49462890625 0.17470664928292046 0.49560546875 0.14797913950456323 0.50537109375 0.11734028683181226 0.51220703125 0.10495436766623208 0.5244140625 0.09191655801825294 0.53515625 0.08604954367666232 0.55908203125 0.0788787483702738 0.58203125 0.08018252933507171
2 0.63720703125 0.000651890482398957 0.736328125 0.000651890482398957 0.736328125 0.005867014341590613 0.720703125 0.037157757496740544 0.703125 0.054758800521512385 0.68701171875 0.059322033898305086 0.66845703125 0.054758800521512385 0.65478515625 0.041720990873533245 0.640625 0.017601043024771838 0.63720703125 0.001303780964797914
2 0.50732421875 0.32529335071707954 0.525390625 0.3324641460234681 0.53662109375 0.3494132985658409 0.55029296875 0.39048239895697523 0.5546875 0.4256844850065189 0.5517578125 0.44654498044328556 0.54150390625 0.4661016949152542 0.5263671875 0.4745762711864407 0.501953125 0.4791395045632334 0.48193359375 0.47522816166883963 0.46875 0.4680573663624511 0.45458984375 0.44328552803129073 0.44921875 0.41851368970013036 0.45166015625 0.3983050847457627 0.45849609375 0.37027379400260757 0.4697265625 0.3468057366362451 0.48486328125 0.3318122555410691 0.494140625 0.3272490221642764 0.5068359375 0.32529335071707954
2 0.45361328125 0.1577574967405476 0.470703125 0.17470664928292046 0.48681640625 0.20078226857887874 0.49609375 0.22816166883963493 0.49755859375 0.2588005215123859 0.494140625 0.27444589308996087 0.48779296875 0.28683181225554105 0.478515625 0.2985658409387223 0.458984375 0.3116036505867014 0.4423828125 0.31421121251629724 0.421875 0.30964797913950454 0.40673828125 0.29335071707953064 0.396484375 0.27444589308996087 0.39208984375 0.24511082138200782 0.39892578125 0.20795306388526727 0.4150390625 0.17014341590612778 0.423828125 0.16101694915254236 0.43408203125 0.15514993481095177 0.453125 0.1577574967405476
2 0.3046875 0.003911342894393742 0.322265625 0.007822685788787484 0.32958984375 0.011734028683181226 0.33544921875 0.018904823989569754 0.3486328125 0.044980443285528034 0.353515625 0.07170795306388526 0.3515625 0.0938722294654498 0.34228515625 0.12059973924380704 0.328125 0.13754889178617993 0.31201171875 0.1453715775749674 0.29833984375 0.1440677966101695 0.28466796875 0.13754889178617993 0.2724609375 0.1271186440677966 0.26513671875 0.11603650586701435 0.2568359375 0.09647979139504563 0.251953125 0.0651890482398957 0.25537109375 0.04563233376792699 0.26123046875 0.03129074315514994 0.27001953125 0.01955671447196871 0.2841796875 0.00847457627118644 0.30419921875 0.003911342894393742
2 0.98681640625 0.41460234680573665 0.99951171875 0.4198174706649283 0.99951171875 0.5469361147327249 0.990234375 0.5365058670143416 0.97021484375 0.500651890482399 0.953125 0.45697522816166886 0.94775390625 0.43546284224250326 0.94873046875 0.42698826597131684 0.9580078125 0.41916558018252936 0.9697265625 0.4152542372881356 0.986328125 0.41460234680573665
2 0.6201171875 0.23989569752281617 0.6435546875 0.24902216427640156 0.666015625 0.27183833116036504 0.671875 0.2861799217731421 0.67529296875 0.30247718383311606 0.67529296875 0.31421121251629724 0.66748046875 0.34485006518904826 0.65478515625 0.37157757496740546 0.6474609375 0.378748370273794 0.6396484375 0.3754889178617992 0.6259765625 0.38461538461538464 0.61669921875 0.38722294654498046 0.59814453125 0.38461538461538464 0.5888671875 0.37809647979139505 0.58154296875 0.36897001303780963 0.5703125 0.3435462842242503 0.56640625 0.3239895697522816 0.5654296875 0.3011734028683181 0.5703125 0.27444589308996087 0.5810546875 0.25358539765319427 0.59716796875 0.24185136897001303 0.61962890625 0.23989569752281617
2 0.9931640625 0.4165580182529335 0.99951171875 0.42046936114732725 0.99951171875 0.546284224250326 0.9912109375 0.5371577574967406 0.9736328125 0.5078226857887875 0.95947265625 0.4745762711864407 0.94775390625 0.4348109517601043 0.94775390625 0.42959582790091266 0.953125 0.42242503259452413 0.9599609375 0.41851368970013036 0.97265625 0.4152542372881356 0.99267578125 0.4165580182529335
2 0.814453125 0.07822685788787484 0.83251953125 0.08213820078226858 0.8564453125 0.09973924380704041 0.86767578125 0.11603650586701435 0.87646484375 0.14341590612777053 0.875 0.17014341590612778 0.86376953125 0.19882659713168188 0.85107421875 0.21577574967405475 0.83642578125 0.22946544980443284 0.818359375 0.23728813559322035 0.79541015625 0.2333767926988266 0.78515625 0.227509778357236 0.77880859375 0.2196870925684485 0.78173828125 0.20599739243807041 0.7939453125 0.18904823989569752 0.80078125 0.17340286831812254 0.80029296875 0.16492829204693613 0.79296875 0.16427640156453716 0.7900390625 0.17079530638852672 0.78125 0.1714471968709257 0.76513671875 0.1877444589308996 0.76220703125 0.18513689700130379 0.7568359375 0.16101694915254236 0.7587890625 0.13233376792698825 0.767578125 0.11016949152542373 0.779296875 0.0938722294654498 0.7880859375 0.08604954367666232 0.81396484375 0.07822685788787484
2 0.76611328125 0.2529335071707953 0.7724609375 0.25749674054758803 0.78271484375 0.27053455019556716 0.80078125 0.3109517601043025 0.80419921875 0.32985658409387225 0.802734375 0.3533246414602347 0.796875 0.3709256844850065 0.78662109375 0.3833116036505867 0.7685546875 0.39374185136897 0.73779296875 0.4002607561929596 0.72998046875 0.39960886571056065 0.72705078125 0.38722294654498046 0.72705078125 0.3500651890482399 0.73095703125 0.3246414602346806 0.744140625 0.2848761408083442 0.765625 0.2529335071707953
2 0.31591796875 0.000651890482398957 0.36083984375 0.000651890482398957 0.357421875 0.005867014341590613 0.34619140625 0.010430247718383311 0.33203125 0.009778357235984355 0.32080078125 0.005867014341590613 0.31591796875 0.001303780964797914
2 0.197265625 0.485006518904824 0.20068359375 0.4863102998696219 0.20556640625 0.4954367666232073 0.228515625 0.4954367666232073 0.24462890625 0.5058670143415906 0.25537109375 0.5228161668839635 0.26171875 0.5430247718383312 0.2607421875 0.5704041720990873 0.25634765625 0.5925684485006519 0.232421875 0.6329856584093873 0.21875 0.6375488917861799 0.19921875 0.6349413298565841 0.1826171875 0.6245110821382008 0.1611328125 0.5919165580182529 0.154296875 0.5730117340286832 0.15283203125 0.5469361147327249 0.158203125 0.529335071707953 0.17529296875 0.5052151238591917 0.1865234375 0.49674054758800523 0.1904296875 0.4876140808344198 0.19677734375 0.485006518904824
2 0.3037109375 0.5867014341590613 0.3251953125 0.6003911342894394 0.33837890625 0.6297262059973925 0.341796875 0.6584093872229465 0.3349609375 0.6897001303780965 0.32373046875 0.7073011734028684 0.30126953125 0.7301173402868318 0.28271484375 0.7385919165580183 0.2607421875 0.7405475880052151 0.2509765625 0.7398956975228161 0.24072265625 0.7353324641460235 0.23388671875 0.7268578878748371 0.22412109375 0.7079530638852672 0.2236328125 0.6766623207301173 0.22705078125 0.666232073011734 0.2275390625 0.6544980443285529 0.240234375 0.621903520208605 0.2568359375 0.5964797913950456 0.2783203125 0.5853976531942634 0.30322265625 0.5867014341590613
2 0.73876953125 0.47522816166883963 0.7490234375 0.47783572359843546 0.76953125 0.4921773142112125 0.7744140625 0.49869621903520206 0.7822265625 0.5130378096479792 0.7841796875 0.5365058670143416 0.779296875 0.5677966101694916 0.771484375 0.5893089960886571 0.76318359375 0.6036505867014341 0.748046875 0.621251629726206 0.7255859375 0.6316818774445893 0.71337890625 0.6310299869621904 0.69921875 0.6251629726205997 0.6728515625 0.5945241199478487 0.65869140625 0.5925684485006519 0.658203125 0.5893089960886571 0.69384765625 0.5449804432855281 0.7080078125 0.5176010430247718 0.7216796875 0.4791395045632334 0.7294921875 0.4745762711864407 0.73828125 0.47522816166883963
2 0.74853515625 0.39895697522816165 0.7509765625 0.40221642764015647 0.74853515625 0.41916558018252936 0.74169921875 0.42959582790091266 0.73095703125 0.43546284224250326 0.72705078125 0.43285528031290743 0.7275390625 0.40091264667535853 0.748046875 0.39895697522816165