2 0.69482421875 0.2255541069100391 0.71630859375 0.2333767926988266 0.73291015625 0.24641460234680573 0.7421875 0.26140808344198174 0.74609375 0.2796610169491525 0.74560546875 0.2940026075619296 0.74072265625 0.3076923076923077 0.7255859375 0.32985658409387225 0.71533203125 0.3546284224250326 0.701171875 0.3663624511082138 0.6669921875 0.35267275097783574 0.64990234375 0.3272490221642764 0.64404296875 0.3116036505867014 0.63671875 0.2816166883963494 0.6396484375 0.2620599739243807 0.650390625 0.24185136897001303 0.6689453125 0.2288135593220339 0.6943359375 0.2255541069100391
2 0.841796875 0.5521512385919165 0.85107421875 0.5541069100391134 0.85986328125 0.560625814863103 0.86572265625 0.5691003911342895 0.8720703125 0.5860495436766623 0.8740234375 0.5867014341590613 0.8740234375 0.6558018252933507 0.8720703125 0.6564537157757496 0.87060546875 0.6681877444589309 0.85888671875 0.6883963494132985 0.84814453125 0.6975228161668839 0.83349609375 0.7020860495436767 0.8154296875 0.7014341590612777 0.79248046875 0.6897001303780965 0.77392578125 0.6694915254237288 0.767578125 0.6558018252933507 0.76416015625 0.6408083441981747 0.77978515625 0.5873533246414603 0.78564453125 0.5769230769230769 0.81298828125 0.5567144719687093 0.826171875 0.5528031290743155 0.84130859375 0.5521512385919165
2 0.39697265625 0.30638852672750977 0.41650390625 0.31747066492829207 0.4287109375 0.3318122555410691 0.43603515625 0.3468057366362451 0.44287109375 0.3774445893089961 0.4423828125 0.4048239895697523 0.43359375 0.42633637548891784 0.41650390625 0.44328552803129073 0.39892578125 0.4491525423728814 0.37744140625 0.44784876140808344 0.35888671875 0.4380704041720991 0.34130859375 0.4152542372881356 0.33349609375 0.3970013037809648 0.32861328125 0.3754889178617992 0.32958984375 0.35984354628422427 0.333984375 0.3455019556714472 0.3505859375 0.3220338983050847 0.36376953125 0.31290743155149936 0.3779296875 0.3070404172099087 0.396484375 0.30638852672750977
2 0.43310546875 0.5332464146023468 0.4541015625 0.5475880052151239 0.4697265625 0.5671447196870926 0.48291015625 0.5951760104302477 0.48681640625 0.6127770534550195 0.4873046875 0.6284224250325945 0.48046875 0.652542372881356 0.46728515625 0.6707953063885267 0.44921875 0.6831812255541069 0.4267578125 0.6890482398956975 0.40625 0.6870925684485006 0.39697265625 0.6838331160365059 0.3876953125 0.6760104302477183 0.3798828125 0.6642764015645372 0.37255859375 0.6466753585397653 0.3681640625 0.622555410691004 0.37060546875 0.5951760104302477 0.37451171875 0.5775749674054759 0.3857421875 0.5541069100391134 0.39990234375 0.5397653194263363 0.40966796875 0.5338983050847458 0.41796875 0.5312907431551499 0.4326171875 0.5332464146023468
2 0.45068359375 0.16623207301173404 0.4716796875 0.17340286831812254 0.47900390625 0.17861799217731422 0.48828125 0.19035202086049544 0.49609375 0.2183833116036506 0.49609375 0.24837027379400262 0.48779296875 0.2803129074315515 0.47607421875 0.303129074315515 0.46142578125 0.3155149934810952 0.44091796875 0.3226857887874837 0.4208984375 0.318122555410691 0.3994140625 0.3005215123859192 0.38330078125 0.26988265971316816 0.38232421875 0.23402868318122555 0.3837890625 0.22490221642764016 0.3916015625 0.2046936114732725 0.4111328125 0.17796610169491525 0.4267578125 0.16883963494132986 0.4501953125 0.16623207301173404
2 0.844970703125 0.4025423728813559 0.05908203125 0.15971316818774445
2 0.7666015625 0.0938722294654498 0.7822265625 0.0984354628422425 0.794921875 0.10625814863102999 0.81396484375 0.1271186440677966 0.82080078125 0.14602346805736635 0.82275390625 0.17014341590612778 0.8125 0.20599739243807041 0.7939453125 0.23272490221642764 0.78955078125 0.24837027379400262 0.78662109375 0.25097783572359844 0.7783203125 0.24902216427640156 0.763671875 0.25554106910039115 0.74267578125 0.2529335071707953 0.72412109375 0.23598435462842243 0.716796875 0.22033898305084745 0.712890625 0.20208604954367665 0.71044921875 0.18252933507170796 0.71044921875 0.16101694915254236 0.71337890625 0.14471968709256844 0.724609375 0.11734028683181226 0.74365234375 0.09908735332464146 0.75341796875 0.09452411994784876 0.76611328125 0.0938722294654498
2 0.3505859375 0.031942633637548894 0.37060546875 0.044980443285528034 0.3818359375 0.061277705345501955 0.390625 0.08539765319426336 0.39501953125 0.12190352020860495 0.3935546875 0.1421121251629726 0.3837890625 0.16883963494132986 0.37841796875 0.1760104302477184 0.35595703125 0.1877444589308996 0.3359375 0.1864406779661017 0.32373046875 0.18122555410691005 0.31591796875 0.17470664928292046 0.30029296875 0.15123859191655803 0.2880859375 0.1166883963494133 0.2919921875 0.07627118644067797 0.30322265625 0.05345501955671447 0.31640625 0.039765319426336376 0.33740234375 0.031942633637548894 0.35009765625 0.031942633637548894
2 0.77294921875 0.2920469361147327 0.7958984375 0.30378096479791394 0.8076171875 0.318122555410691 0.81591796875 0.3363754889178618 0.8193359375 0.35984354628422427 0.8173828125 0.38265971316818775 0.80859375 0.4028683181225554 0.79541015625 0.41264667535853977 0.77490234375 0.4172099087353325 0.75830078125 0.4165580182529335 0.75048828125 0.4106910039113429 0.72119140625 0.37809647979139505 0.7177734375 0.35919165580182527 0.7216796875 0.34028683181225555 0.74560546875 0.30247718383311606 0.75537109375 0.2953063885267275 0.7724609375 0.2920469361147327
2 0.29833984375 0.8813559322033898 0.310546875 0.8865710560625815 0.31298828125 0.8917861799217731 0.3173828125 0.9374185136897001 0.32666015625 0.9791395045632334 0.318359375 0.999348109517601 0.23828125 0.999348109517601 0.23046875 0.9941329856584094 0.22607421875 0.9850065189048239 0.2216796875 0.9478487614080835 0.22509765625 0.9282920469361148 0.23193359375 0.9126466753585397 0.24609375 0.8956975228161669 0.26123046875 0.8872229465449805 0.283203125 0.8807040417209909 0.2978515625 0.8813559322033898
2 0.49560546875 0.3246414602346806 0.50048828125 0.33116036505867014 0.52392578125 0.33116036505867014 0.537109375 0.34028683181225555 0.5478515625 0.3578878748370274 0.55419921875 0.3820078226857888 0.5556640625 0.4028683181225554 0.55322265625 0.423728813559322 0.533203125 0.45371577574967403 0.5244140625 0.47196870925684486 0.5166015625 0.4784876140808344 0.505859375 0.4784876140808344 0.49560546875 0.4745762711864407 0.48095703125 0.4621903520208605 0.46435546875 0.43546284224250326 0.4560546875 0.4106910039113429 0.45556640625 0.3859191655801825 0.458984375 0.37027379400260757 0.466796875 0.35658409387222945 0.4794921875 0.3455019556714472 0.48779296875 0.32659713168187743 0.4951171875 0.3246414602346806
2 0.857177734375 0.7770534550195567 0.03466796875 0.1408083441981747
3 0.58154296875 0.1016949152542373 0.2646484375 0.2033898305084746
3 0.64892578125 0.5528031290743155 0.27490234375 0.3774445893089961
3 0.458740234375 0.8529986962190352 0.28271484375 0.2940026075619296