1 0.430419921875 0.051499348109517604 0.52978515625 0.10299869621903521
1 0.482421875 0.5423728813559322 0.546875 0.9152542372881356
2 0.60546875 0.001303780964797914 0.61572265625 0.001303780964797914 0.61865234375 0.01564537157757497 0.61669921875 0.04041720990873533 0.61376953125 0.052803129074315516 0.60107421875 0.08018252933507171 0.5849609375 0.10039113428943937 0.5673828125 0.10951760104302477 0.54833984375 0.10821382007822686 0.537109375 0.10039113428943937 0.52490234375 0.08083441981747067 0.52587890625 0.07561929595827901 0.55517578125 0.05541069100391134 0.57568359375 0.03650586701434159 0.60546875 0.001955671447196871
2 0.1259765625 0.4726205997392438 0.13427734375 0.4745762711864407 0.1572265625 0.4915254237288136 0.17138671875 0.5123859191655802 0.17626953125 0.529986962190352 0.1748046875 0.5495436766623207 0.166015625 0.5684485006518905 0.150390625 0.5847457627118644 0.13525390625 0.5945241199478487 0.1259765625 0.5964797913950456 0.1259765625 0.47327249022164275
2 0.248046875 0.3435462842242503 0.267578125 0.3494132985658409 0.283203125 0.35853976531942633 0.29150390625 0.3663624511082138 0.306640625 0.38722294654498046 0.31396484375 0.41003911342894395 0.3134765625 0.4439374185136897 0.3046875 0.4706649282920469 0.283203125 0.4973924380704042 0.27294921875 0.5032594524119948 0.25634765625 0.5071707953063885 0.234375 0.5052151238591917 0.21484375 0.4941329856584094 0.2041015625 0.48370273794002605 0.19189453125 0.46088657105606257 0.1845703125 0.4211212516297262 0.18505859375 0.39113428943937417 0.1923828125 0.37353324641460234 0.19970703125 0.3624511082138201 0.21728515625 0.34876140808344197 0.2353515625 0.3435462842242503 0.24755859375 0.3435462842242503
2 0.1259765625 0.18448500651890481 0.1298828125 0.18448500651890481 0.1533203125 0.20534550195567144 0.16650390625 0.2288135593220339 0.169921875 0.2503259452411995 0.16650390625 0.27509778357235987 0.1533203125 0.2985658409387223 0.13525390625 0.31486310299869624 0.1259765625 0.31681877444589307 0.1259765625 0.18513689700130379
2 0.4443359375 0.42698826597131684 0.4599609375 0.43089960886571055 0.474609375 0.4445893089960887 0.48095703125 0.46479791395045633 0.484375 0.5078226857887875 0.47900390625 0.5352020860495437 0.47607421875 0.5417209908735332 0.45751953125 0.560625814863103 0.44091796875 0.5677966101694916 0.42578125 0.5651890482398957 0.40283203125 0.5554106910039114 0.38525390625 0.5404172099087353 0.3740234375 0.5202086049543677 0.37060546875 0.5078226857887875 0.369140625 0.49022164276401564 0.37451171875 0.4661016949152542 0.38720703125 0.4511082138200782 0.41796875 0.43285528031290743 0.44384765625 0.42698826597131684
2 0.31103515625 0.5026075619295959 0.328125 0.5058670143415906 0.34033203125 0.516297262059974 0.34716796875 0.5254237288135594 0.35888671875 0.5547588005215124 0.36083984375 0.5769230769230769 0.357421875 0.6043024771838331 0.34912109375 0.6192959582790091 0.3310546875 0.6382007822685789 0.3115234375 0.6440677966101694 0.2861328125 0.6375488917861799 0.2626953125 0.622555410691004 0.251953125 0.6121251629726207 0.244140625 0.5971316818774446 0.24169921875 0.5880052151238592 0.24365234375 0.5619295958279009 0.25927734375 0.5352020860495437 0.28369140625 0.5117340286831812 0.29638671875 0.5052151238591917 0.310546875 0.5026075619295959
2 0.1884765625 0.6962190352020861 0.21142578125 0.7066492829204694 0.2236328125 0.7203389830508474 0.2314453125 0.7379400260756193 0.234375 0.7509778357235984 0.234375 0.7633637548891786 0.22705078125 0.7913950456323338 0.21533203125 0.8102998696219035 0.1953125 0.8259452411994785 0.17431640625 0.8311603650586702 0.15966796875 0.8265971316818774 0.14892578125 0.81877444589309 0.14013671875 0.8070404172099087 0.130859375 0.7842242503259452 0.12841796875 0.7711864406779662 0.12890625 0.7548891786179922 0.13427734375 0.727509778357236 0.1396484375 0.7196870925684485 0.1591796875 0.7020860495436767 0.17529296875 0.6962190352020861 0.18798828125 0.6962190352020861
2 0.36083984375 0.26597131681877445 0.3837890625 0.27640156453715775 0.40380859375 0.29335071707953064 0.4091796875 0.303129074315515 0.40673828125 0.3135593220338983 0.41357421875 0.3318122555410691 0.41552734375 0.34419817470664926 0.41357421875 0.36897001303780963 0.40869140625 0.3813559322033898 0.40185546875 0.39113428943937417 0.38427734375 0.40547588005215124 0.361328125 0.41264667535853977 0.337890625 0.409387222946545 0.31982421875 0.39765319426336376 0.30859375 0.3774445893089961 0.30517578125 0.35528031290743156 0.30517578125 0.3396349413298566 0.3095703125 0.3155149934810952 0.322265625 0.288135593220339 0.3291015625 0.27835723598435463 0.33837890625 0.2711864406779661 0.35205078125 0.26597131681877445 0.3603515625 0.26597131681877445
2 0.61474609375 0 0.61767578125 0.01108213820078227 0.6181640625 0.025423728813559324 0.6162109375 0.04106910039113429 0.60888671875 0.06388526727509779 0.5986328125 0.08344198174706649 0.5849609375 0.09973924380704041 0.57421875 0.10691003911342895 0.56494140625 0.10951760104302477 0.55078125 0.10821382007822686 0.541015625 0.10299869621903521 0.53271484375 0.09452411994784876 0.525390625 0.08083441981747067 0.525390625 0.07692307692307693 0.5703125 0.041720990873533245 0.60595703125 0.000651890482398957 0.6142578125 0
2 0.25390625 0 0.2744140625 0.014341590612777053 0.287109375 0.03129074315514994 0.2998046875 0.05736636245110821 0.30322265625 0.07627118644067797 0.298828125 0.11147327249022164 0.2900390625 0.12777053455019557 0.27978515625 0.12385919165580182 0.26708984375 0.1075619295958279 0.25537109375 0.0984354628422425 0.2490234375 0.09908735332464146 0.24853515625 0.10886571056062581 0.25341796875 0.11277705345501955 0.25390625 0.12451108213820078 0.26611328125 0.14602346805736635 0.26416015625 0.14993481095176012 0.24609375 0.15710560625814862 0.224609375 0.1544980443285528 0.2080078125 0.14276401564537158 0.19580078125 0.1271186440677966 0.18994140625 0.11538461538461539 0.18408203125 0.08018252933507171 0.18603515625 0.060625814863103 0.189453125 0.048239895697522815 0.19677734375 0.02998696219035202 0.2060546875 0.01564537157757497 0.2275390625 0 0.25341796875 0
2 0.38818359375 0.09517601043024772 0.3974609375 0.09908735332464146 0.40869140625 0.11016949152542373 0.416015625 0.1258148631029987 0.42041015625 0.14146023468057367 0.42431640625 0.1681877444589309 0.42529296875 0.19165580182529335 0.42138671875 0.19556714471968709 0.408203125 0.19752281616688397 0.38427734375 0.19621903520208606 0.36865234375 0.19165580182529335 0.35205078125 0.1831812255541069 0.333984375 0.1694915254237288 0.32275390625 0.15254237288135594 0.31494140625 0.14602346805736635 0.318359375 0.13624511082138202 0.328125 0.12255541069100391 0.3505859375 0.10365058670143416 0.369140625 0.09452411994784876 0.3876953125 0.09517601043024772
2 0.1259765625 0.6857887874837028 0.1298828125 0.6903520208604954 0.13330078125 0.7053455019556715 0.130859375 0.7353324641460235 0.1259765625 0.7457627118644068 0.1259765625 0.6864406779661016
2 0.5400390625 0.818122555410691 0.55517578125 0.8200782268578879 0.57080078125 0.8265971316818774 0.599609375 0.8572359843546284 0.60302734375 0.8754889178617992 0.60107421875 0.9015645371577575 0.59033203125 0.9282920469361148 0.5634765625 0.9569752281616688 0.55712890625 0.9608865710560626 0.54150390625 0.9641460234680573 0.5283203125 0.9608865710560626 0.517578125 0.9524119947848761 0.501953125 0.9302477183833116 0.49755859375 0.9185136897001304 0.4921875 0.9152542372881356 0.48876953125 0.9080834419817471 0.48974609375 0.8996088657105606 0.49658203125 0.8930899608865711 0.49658203125 0.8624511082138201 0.50439453125 0.8409387222946545 0.50927734375 0.833767926988266 0.52099609375 0.8239895697522817 0.5322265625 0.818122555410691 0.53955078125 0.818122555410691
2 0.61865234375 0.711212516297262 0.64208984375 0.7203389830508474 0.64990234375 0.728161668839635 0.6708984375 0.7620599739243807 0.67724609375 0.7809647979139505 0.68017578125 0.8194263363754889 0.67822265625 0.8402868318122555 0.67431640625 0.8494132985658409 0.66162109375 0.863754889178618 0.65576171875 0.8683181225554107 0.6484375 0.8696219035202086 0.63232421875 0.8689700130378096 0.62451171875 0.864406779661017 0.61572265625 0.863754889178618 0.5927734375 0.848109517601043 0.572265625 0.8246414602346805 0.564453125 0.7985658409387223 0.564453125 0.7646675358539765 0.5751953125 0.7333767926988266 0.59716796875 0.7157757496740548 0.6181640625 0.711212516297262
2 0.5400390625 0.12255541069100391 0.56689453125 0.13754889178617993 0.58203125 0.15384615384615385 0.5908203125 0.16883963494132986 0.59814453125 0.19426336375488917 0.59814453125 0.2151238591916558 0.59375 0.23402868318122555 0.57080078125 0.2692307692307692 0.56884765625 0.28878748370273793 0.56640625 0.288135593220339 0.5361328125 0.2438070404172099 0.51318359375 0.22229465449804434 0.484375 0.20404172099087353 0.48095703125 0.19361147327249023 0.4833984375 0.16753585397653195 0.494140625 0.14015645371577576 0.4990234375 0.13363754889178617 0.51123046875 0.12255541069100391 0.52099609375 0.12059973924380704 0.53955078125 0.12255541069100391
2 0.43505859375 0.16558018252933507 0.447265625 0.1773142112125163 0.45166015625 0.19165580182529335 0.44970703125 0.196870925684485 0.42529296875 0.19556714471968709 0.42431640625 0.1681877444589309 0.4267578125 0.16492829204693613 0.4345703125 0.16558018252933507