1 0.552638067061144 0.3714567116432526 0.6358481262327416 0.7330386325472077
2 0.8837890625 0.2392438070404172 0.89404296875 0.242503259452412 0.93115234375 0.2692307692307692 0.94287109375 0.28878748370273793 0.9482421875 0.30378096479791394 0.9501953125 0.31877444589308995 0.9482421875 0.32985658409387225 0.943359375 0.34159061277705344 0.9208984375 0.3663624511082138 0.91796875 0.37809647979139505 0.9140625 0.38070404172099087 0.904296875 0.3774445893089961 0.88720703125 0.3859191655801825 0.87451171875 0.3891786179921773 0.86279296875 0.3878748370273794 0.8564453125 0.38396349413298564 0.845703125 0.37353324641460234 0.83740234375 0.3604954367666232 0.8271484375 0.32659713168187743 0.82470703125 0.2926988265971317 0.83203125 0.2646675358539765 0.84814453125 0.24511082138200782 0.8564453125 0.24119947848761408 0.88330078125 0.2392438070404172
2 0.57421875 0.2561929595827901 0.607421875 0.2835723598435463 0.62158203125 0.3155149934810952 0.623046875 0.3324641460234681 0.6171875 0.35267275097783574 0.60595703125 0.37027379400260757 0.583984375 0.3878748370273794 0.560546875 0.39765319426336376 0.53955078125 0.394393741851369 0.52197265625 0.378748370273794 0.517578125 0.36962190352020863 0.51318359375 0.35071707953063885 0.51318359375 0.33116036505867014 0.515625 0.31486310299869624 0.53271484375 0.27835723598435463 0.5439453125 0.2653194263363755 0.552734375 0.2588005215123859 0.5634765625 0.25488917861799215 0.57373046875 0.2561929595827901
2 0.2421875 0 0.3125 0 0.31689453125 0.003259452411994785 0.326171875 0.002607561929595828 0.3271484375 0 0.34912109375 0 0.353515625 0.009126466753585397 0.35693359375 0.025423728813559324 0.35400390625 0.039765319426336376 0.35302734375 0.08148631029986962 0.3466796875 0.09908735332464146 0.3291015625 0.11016949152542373 0.31005859375 0.11016949152542373 0.30419921875 0.10821382007822686 0.28955078125 0.09647979139504563 0.267578125 0.07170795306388526 0.2548828125 0.048239895697522815 0.24560546875 0.024119947848761408 0.2421875 0.000651890482398957
2 0.49951171875 0.08996088657105607 0.51904296875 0.09647979139504563 0.52978515625 0.09517601043024772 0.533203125 0.09908735332464146 0.53662109375 0.10951760104302477 0.556640625 0.1408083441981747 0.56103515625 0.1544980443285528 0.5625 0.17535853976531943 0.55810546875 0.2033898305084746 0.55078125 0.2196870925684485 0.5400390625 0.23598435462842243 0.5205078125 0.2561929595827901 0.4970703125 0.26792698826597133 0.48828125 0.26792698826597133 0.47021484375 0.2607561929595828 0.4638671875 0.2561929595827901 0.45263671875 0.23989569752281617 0.4423828125 0.21121251629726207 0.439453125 0.1910039113428944 0.43896484375 0.1694915254237288 0.44580078125 0.12972620599739243 0.4609375 0.10495436766623208 0.474609375 0.09452411994784876 0.4990234375 0.08996088657105607
2 0.75927734375 0.11994784876140809 0.7705078125 0.12646675358539766 0.7900390625 0.15384615384615385 0.80419921875 0.1910039113428944 0.80810546875 0.2138200782268579 0.8037109375 0.2405475880052151 0.79052734375 0.26401564537157757 0.77734375 0.27249022164276404 0.7626953125 0.27640156453715775 0.7392578125 0.27249022164276404 0.71142578125 0.2588005215123859 0.6923828125 0.23663624511082137 0.68408203125 0.2151238591916558 0.68603515625 0.18904823989569752 0.6982421875 0.16166883963494133 0.68994140625 0.15123859191655803 0.6923828125 0.1421121251629726 0.71435546875 0.14015645371577576 0.72314453125 0.12972620599739243 0.7373046875 0.11994784876140809 0.7587890625 0.11994784876140809
2 0.63623046875 0 0.72119140625 0 0.7294921875 0.020208604954367666 0.73193359375 0.03650586701434159 0.7275390625 0.07496740547588006 0.71142578125 0.10560625814863103 0.70166015625 0.11734028683181226 0.689453125 0.1258148631029987 0.6787109375 0.1290743155149935 0.666015625 0.12777053455019557 0.6416015625 0.11277705345501955 0.63037109375 0.09713168187744459 0.625 0.08539765319426336 0.62255859375 0.07431551499348109 0.623046875 0.03650586701434159 0.63623046875 0.000651890482398957
2 0.28369140625 0.772490221642764 0.30712890625 0.7803129074315515 0.314453125 0.7848761408083442 0.32568359375 0.7972620599739244 0.3349609375 0.8161668839634941 0.33837890625 0.833116036505867 0.33837890625 0.847457627118644 0.33447265625 0.8624511082138201 0.3291015625 0.8728813559322034 0.33154296875 0.8852672750977836 0.328125 0.894393741851369 0.31884765625 0.9009126466753585 0.31005859375 0.9028683181225554 0.29296875 0.9191655801825294 0.28076171875 0.9230769230769231 0.26513671875 0.9217731421121251 0.25537109375 0.9146023468057366 0.24365234375 0.9009126466753585 0.2265625 0.8598435462842242 0.2236328125 0.8363754889178618 0.2255859375 0.8207301173402868 0.23095703125 0.803129074315515 0.244140625 0.7848761408083442 0.26904296875 0.772490221642764 0.283203125 0.772490221642764
2 0.814453125 0.024119947848761408 0.82958984375 0.02607561929595828 0.84521484375 0.03389830508474576 0.85693359375 0.044980443285528034 0.8681640625 0.06844850065189048 0.87060546875 0.09191655801825294 0.86962890625 0.1075619295958279 0.86376953125 0.12646675358539766 0.8544921875 0.14341590612777053 0.84130859375 0.15840938722294653 0.828125 0.16688396349413298 0.7998046875 0.16883963494132986 0.79638671875 0.16623207301173404 0.7890625 0.14863102998696218 0.7734375 0.1271186440677966 0.76025390625 0.1166883963494133 0.759765625 0.08148631029986962 0.765625 0.061277705345501955 0.787109375 0.035202086049543675 0.81396484375 0.024771838331160364
2 0 0 0.03173828125 0 0.0322265625 0.024119947848761408 0.04296875 0.050195567144719684 0.041015625 0.058018252933507174 0.0263671875 0.0788787483702738 0.01220703125 0.08865710560625815 0 0.09126466753585398 0 0.000651890482398957
2 0.1513671875 0 0.24169921875 0 0.24365234375 0.018252933507170794 0.24267578125 0.02346805736636245 0.23583984375 0.03389830508474576 0.2255859375 0.044980443285528034 0.21337890625 0.05215123859191656 0.19921875 0.05410691003911343 0.18603515625 0.050195567144719684 0.1708984375 0.03780964797913951 0.1611328125 0.025423728813559324 0.1513671875 0.000651890482398957
2 0 0.5664928292046936 0.001953125 0.5664928292046936 0.0087890625 0.5775749674054759 0.01318359375 0.5951760104302477 0.01318359375 0.6173402868318123 0.01123046875 0.6290743155149935 0.0048828125 0.6440677966101694 0 0.6473272490221643 0 0.5671447196870926
2 0.431640625 0 0.546875 0 0.5576171875 0.01499348109517601 0.5576171875 0.02216427640156454 0.55419921875 0.027379400260756193 0.5341796875 0.02607561929595828 0.5263671875 0.029335071707953065 0.52392578125 0.03129074315514994 0.52001953125 0.043676662320730114 0.51220703125 0.05410691003911343 0.49267578125 0.06453715775749674 0.4833984375 0.0651890482398957 0.47314453125 0.06192959582790091 0.46142578125 0.05410691003911343 0.45361328125 0.0423728813559322 0.4462890625 0.03585397653194263 0.4384765625 0.017601043024771838 0.4326171875 0.01108213820078227 0.431640625 0.000651890482398957
2 0.95947265625 0.379400260756193 0.9775390625 0.38722294654498046 0.99951171875 0.409387222946545 0.99951171875 0.4980443285528031 0.98583984375 0.515645371577575 0.96826171875 0.5260756192959583 0.95166015625 0.5312907431551499 0.916015625 0.5267275097783573 0.89453125 0.5084745762711864 0.8798828125 0.4771838331160365 0.87646484375 0.438722294654498 0.87939453125 0.4282920469361147 0.8896484375 0.408735332464146 0.8984375 0.39765319426336376 0.92578125 0.3833116036505867 0.958984375 0.379400260756193
2 0.9560546875 0.6623207301173403 0.96728515625 0.6642764015645372 0.97607421875 0.6694915254237288 0.99169921875 0.6707953063885267 0.99755859375 0.6838331160365059 0.99951171875 0.6844850065189049 0.99951171875 0.7835723598435462 0.9833984375 0.7972620599739244 0.95654296875 0.8057366362451108 0.939453125 0.8050847457627118 0.91748046875 0.7966101694915254 0.90380859375 0.7796610169491526 0.89892578125 0.771838331160365 0.89697265625 0.7640156453715776 0.8974609375 0.7509778357235984 0.90478515625 0.7079530638852672 0.9111328125 0.6864406779661016 0.91796875 0.6766623207301173 0.92529296875 0.6707953063885267 0.943359375 0.6629726205997393 0.95556640625 0.6623207301173403
2 0.0322265625 0 0.1484375 0 0.15625 0.020208604954367666 0.1552734375 0.026727509778357236 0.14794921875 0.037157757496740544 0.11962890625 0.05997392438070404 0.11376953125 0.07170795306388526 0.107421875 0.07366362451108213 0.0830078125 0.07235984354628422 0.0673828125 0.06844850065189048 0.05712890625 0.06258148631029987 0.04248046875 0.04758800521512386 0.0322265625 0.02346805736636245 0.0322265625 0.000651890482398957
2 0.6240234375 0.1558018252933507 0.63427734375 0.1590612777053455 0.64111328125 0.16427640156453716 0.65478515625 0.1831812255541069 0.6640625 0.21707953063885269 0.6650390625 0.24315514993481094 0.6611328125 0.2588005215123859 0.64404296875 0.2842242503259452 0.63427734375 0.2907431551499348 0.6171875 0.29465449804432853 0.6123046875 0.2900912646675359 0.607421875 0.2803129074315515 0.5712890625 0.2516297262059974 0.56787109375 0.22685788787483702 0.5693359375 0.20990873533246415 0.57470703125 0.19361147327249023 0.58837890625 0.17079530638852672 0.60400390625 0.1590612777053455 0.62353515625 0.1558018252933507
0 0.06005859375 0.6649282920469362 0.07763671875 0.6681877444589309 0.103515625 0.6779661016949152 0.13671875 0.7007822685788787 0.15283203125 0.7209908735332464 0.16259765625 0.741199478487614 0.17138671875 0.7692307692307693 0.17578125 0.7966101694915254 0.17578125 0.8292046936114733 0.1728515625 0.8552803129074316 0.16796875 0.878096479791395 0.1591796875 0.9028683181225554 0.1328125 0.9491525423728814 0.10009765625 0.9928292046936115 0.08984375 0.999348109517601 0.0234375 0.999348109517601 0.02294921875 0.9973924380704041 0 0.9960886571056062 0 0.6714471968709257 0.033203125 0.6642764015645372 0.0595703125 0.6649282920469362
0 0.73779296875 0.38461538461538464 0.75927734375 0.38852672750977835 0.779296875 0.3970013037809648 0.80419921875 0.4132985658409387 0.8251953125 0.43546284224250326 0.8388671875 0.4576271186440678 0.8505859375 0.48565840938722293 0.8564453125 0.5091264667535854 0.86083984375 0.5436766623207301 0.8603515625 0.5808344198174706 0.8525390625 0.622555410691004 0.82666015625 0.6747066492829205 0.80712890625 0.6994784876140808 0.796875 0.7086049543676662 0.77978515625 0.7183833116036505 0.7548828125 0.7255541069100391 0.71826171875 0.7249022164276402 0.69677734375 0.7203389830508474 0.669921875 0.7066492829204694 0.662109375 0.7001303780964798 0.6611328125 0.6962190352020861 0.708984375 0.6597131681877445 0.72900390625 0.6382007822685789 0.7509765625 0.6036505867014341 0.7587890625 0.5847457627118644 0.771484375 0.5645371577574967 0.77685546875 0.5384615384615384 0.77783203125 0.5280312907431551 0.7744140625 0.5123859191655802 0.77783203125 0.5065189048239895 0.77783203125 0.49934810951760106 0.77294921875 0.4869621903520209 0.7626953125 0.4765319426336376 0.75390625 0.4758800521512386 0.748046875 0.46870925684485004 0.7421875 0.4667535853976532 0.7001953125 0.4810951760104302 0.63232421875 0.4973924380704042 0.58251953125 0.5136897001303781 0.57666015625 0.5123859191655802 0.5791015625 0.4934810951760104 0.58837890625 0.46870925684485004 0.6025390625 0.44654498044328556 0.62451171875 0.424380704041721 0.6474609375 0.408735332464146 0.68212890625 0.39113428943937417 0.71337890625 0.38461538461538464 0.7373046875 0.38461538461538464
1 0.20710059171597633 0.3400252527200677 0.3920118343195266 0.6526216283632793
1 0.5078895463510849 0.3529250210225038 0.530078895463511 0.7058500420450076
1 0.6279296875 0.7594524119947849 0.55859375 0.4810951760104302