1 0.40380859375 0.5704041720990873 0.548828125 0.848761408083442
2 0.35693359375 0.9335071707953064 0.37060546875 0.9367666232073012 0.39599609375 0.9504563233376793 0.40576171875 0.9615384615384616 0.41357421875 0.9758800521512386 0.41650390625 0.984354628422425 0.41748046875 0.999348109517601 0.3056640625 0.999348109517601 0.3076171875 0.970664928292047 0.32275390625 0.9445893089960886 0.34521484375 0.9335071707953064 0.3564453125 0.9335071707953064
2 0.388671875 0.5176010430247718 0.4052734375 0.5254237288135594 0.41015625 0.529986962190352 0.41796875 0.5436766623207301 0.42236328125 0.5573663624511083 0.423828125 0.5808344198174706 0.41650390625 0.6121251629726207 0.4033203125 0.6414602346805737 0.39013671875 0.6564537157757496 0.375 0.6642764015645372 0.3623046875 0.6623207301173403 0.3486328125 0.6531942633637549 0.33740234375 0.6421121251629727 0.31884765625 0.6029986962190352 0.31689453125 0.5847457627118644 0.322265625 0.5638852672750978 0.33544921875 0.5423728813559322 0.36181640625 0.5208604954367666 0.3740234375 0.5176010430247718 0.38818359375 0.5176010430247718
2 0.1259765625 0.1558018252933507 0.14404296875 0.16036505867014342 0.162109375 0.1727509778357236 0.1796875 0.1897001303780965 0.193359375 0.20990873533246415 0.20654296875 0.23728813559322035 0.20947265625 0.2607561929595828 0.20849609375 0.27183833116036504 0.20166015625 0.29335071707953064 0.18701171875 0.30378096479791394 0.15576171875 0.3050847457627119 0.14501953125 0.3089960886571056 0.1328125 0.3044328552803129 0.1259765625 0.2985658409387223 0.1259765625 0.2692307692307692 0.12841796875 0.2633637548891786 0.1279296875 0.25097783572359844 0.1259765625 0.24967405475880053 0.1259765625 0.15645371577574968
2 0.26904296875 0.41916558018252936 0.2841796875 0.4230769230769231 0.298828125 0.43089960886571055 0.31298828125 0.4452411994784876 0.31787109375 0.4517601043024772 0.32275390625 0.46479791395045633 0.32666015625 0.48435462842242505 0.32666015625 0.49608865710560623 0.31787109375 0.5273794002607562 0.302734375 0.5534550195567145 0.29052734375 0.5677966101694916 0.2783203125 0.5775749674054759 0.25732421875 0.5834419817470665 0.24169921875 0.5814863102998696 0.2314453125 0.575619295958279 0.2080078125 0.5488917861799217 0.19775390625 0.5410691003911343 0.1982421875 0.5254237288135594 0.19384765625 0.5032594524119948 0.193359375 0.49022164276401564 0.2001953125 0.455019556714472 0.220703125 0.42959582790091266 0.24169921875 0.42046936114732725 0.2685546875 0.41916558018252936
2 0.287109375 0.7457627118644068 0.30322265625 0.7568448500651891 0.31982421875 0.7822685788787483 0.330078125 0.8194263363754889 0.3330078125 0.8507170795306388 0.33056640625 0.8683181225554107 0.32373046875 0.8878748370273793 0.30615234375 0.9054758800521513 0.28662109375 0.9113428943937418 0.26904296875 0.9061277705345502 0.2412109375 0.8872229465449805 0.220703125 0.8611473272490222 0.2158203125 0.8461538461538461 0.21484375 0.8350717079530638 0.216796875 0.8135593220338984 0.2314453125 0.7842242503259452 0.23291015625 0.7561929595827901 0.2392578125 0.7535853976531942 0.2470703125 0.7646675358539765 0.267578125 0.7483702737940026 0.28662109375 0.7457627118644068
2 0.171875 0.6629726205997393 0.18994140625 0.666883963494133 0.19873046875 0.6740547588005215 0.21044921875 0.6890482398956975 0.2216796875 0.7216427640156454 0.22265625 0.7385919165580183 0.22021484375 0.7529335071707953 0.2138671875 0.7692307692307693 0.20068359375 0.78748370273794 0.18212890625 0.8037809647979139 0.15966796875 0.8096479791395046 0.1455078125 0.8083441981747066 0.1259765625 0.7953063885267275 0.1259765625 0.681877444589309 0.15087890625 0.6649282920469362 0.17138671875 0.6629726205997393
2 0.75927734375 0.13102998696219034 0.779296875 0.14015645371577576 0.80078125 0.1577574967405476 0.81298828125 0.1773142112125163 0.8173828125 0.19165580182529335 0.81591796875 0.21903520208604954 0.8115234375 0.23142112125162972 0.80224609375 0.24641460234680573 0.80078125 0.258148631029987 0.7958984375 0.27053455019556716 0.7890625 0.27509778357235987 0.77978515625 0.27183833116036504 0.77197265625 0.2790091264667536 0.7607421875 0.2842242503259452 0.75 0.2842242503259452 0.7373046875 0.2796610169491525 0.72314453125 0.26727509778357234 0.7138671875 0.2522816166883963 0.71044921875 0.242503259452412 0.70458984375 0.21121251629726207 0.70458984375 0.19165580182529335 0.7138671875 0.15840938722294653 0.7275390625 0.1408083441981747 0.744140625 0.13233376792698825 0.7587890625 0.13102998696219034
2 0.2021484375 0.847457627118644 0.21337890625 0.847457627118644 0.21923828125 0.8617992177314211 0.22900390625 0.8754889178617992 0.24072265625 0.8891786179921773 0.2509765625 0.8963494132985659 0.25244140625 0.9204693611473272 0.2509765625 0.9380704041720991 0.24462890625 0.9556714471968709 0.23779296875 0.9674054758800521 0.21533203125 0.9895697522816167 0.19775390625 0.9947848761408083 0.17724609375 0.9915254237288136 0.158203125 0.9745762711864406 0.14697265625 0.9471968709256845 0.14404296875 0.9198174706649282 0.15234375 0.8833116036505867 0.16650390625 0.8604954367666232 0.181640625 0.848109517601043 0.20166015625 0.847457627118644
2 0.1259765625 0.03455019556714472 0.14501953125 0.04758800521512386 0.154296875 0.060625814863103 0.16357421875 0.08083441981747067 0.16650390625 0.0984354628422425 0.16357421875 0.12320730117340287 0.15478515625 0.14276401564537158 0.142578125 0.15710560625814862 0.1259765625 0.15514993481095177 0.1259765625 0.035202086049543675
2 0.1259765625 0.408735332464146 0.13427734375 0.41003911342894395 0.13916015625 0.4178617992177314 0.15283203125 0.4282920469361147 0.15771484375 0.4380704041720991 0.16650390625 0.4485006518904824 0.17236328125 0.4641460234680574 0.1748046875 0.47783572359843546 0.17431640625 0.49022164276401564 0.1689453125 0.5110821382007823 0.15869140625 0.5267275097783573 0.1494140625 0.5319426336375489 0.14794921875 0.5352020860495437 0.1455078125 0.545632333767927 0.14697265625 0.5658409387222947 0.1455078125 0.5743155149934811 0.13720703125 0.5769230769230769 0.12939453125 0.5684485006518905 0.1259765625 0.5625814863102999 0.1259765625 0.409387222946545
2 0.1259765625 0 0.16845703125 0 0.15380859375 0.02998696219035202 0.1435546875 0.04106910039113429 0.1376953125 0.039765319426336376 0.1259765625 0.030638852672750978 0.1259765625 0.000651890482398957
2 0.2978515625 0.590612777053455 0.314453125 0.5951760104302477 0.3359375 0.6434159061277706 0.3466796875 0.6551499348109517 0.34375 0.6792698826597132 0.3388671875 0.6923076923076923 0.31982421875 0.7151238591916558 0.30810546875 0.7203389830508474 0.28857421875 0.7190352020860495 0.26318359375 0.7066492829204694 0.2490234375 0.6883963494132985 0.2451171875 0.6792698826597132 0.24267578125 0.665580182529335 0.2451171875 0.6388526727509778 0.25390625 0.6179921773142112 0.27099609375 0.5997392438070405 0.283203125 0.5925684485006519 0.29736328125 0.590612777053455
0 0.64404296875 0 0.84326171875 0 0.8251953125 0.022816166883963495 0.796875 0.04889178617992177 0.775390625 0.060625814863103 0.736328125 0.06779661016949153 0.7080078125 0.06323337679269883 0.68115234375 0.04954367666232073 0.666015625 0.03650586701434159 0.65087890625 0.01499348109517601 0.64453125 0.000651890482398957
0 0.5107421875 0.6029986962190352 0.486328125 0.7672750977835724 0.4755859375 0.8233376792698827 0.47705078125 0.8311603650586702 0.482421875 0.8389830508474576 0.484375 0.8546284224250326 0.494140625 0.8683181225554107 0.50537109375 0.8709256844850065 0.509765625 0.8663624511082139 0.525390625 0.8709256844850065 0.54736328125 0.863102998696219 0.56396484375 0.8455019556714471 0.578125 0.8350717079530638 0.60302734375 0.8070404172099087 0.6201171875 0.7790091264667536 0.6474609375 0.7151238591916558 0.65234375 0.7196870925684485 0.66162109375 0.7451108213820078 0.6669921875 0.7737940026075619 0.66943359375 0.8011734028683182 0.6689453125 0.848109517601043 0.66162109375 0.8826597131681877 0.65234375 0.9061277705345502 0.63134765625 0.9361147327249022 0.6162109375 0.9478487614080835 0.59765625 0.9674054758800521 0.5751953125 0.9771838331160365 0.5556640625 0.9817470664928292 0.533203125 0.9817470664928292 0.50732421875 0.9758800521512386 0.4833984375 0.9641460234680573 0.46142578125 0.9452411994784876 0.4453125 0.923728813559322 0.43310546875 0.9009126466753585 0.419921875 0.8604954367666232 0.41552734375 0.834419817470665 0.41357421875 0.7933507170795306 0.4169921875 0.7535853976531942 0.42919921875 0.7066492829204694 0.44140625 0.6720990873533247 0.4521484375 0.6505867014341591 0.4677734375 0.6271186440677966 0.4892578125 0.6088657105606258 0.49853515625 0.6043024771838331 0.51025390625 0.6029986962190352
1 0.380126953125 0.18513689700130379 0.48876953125 0.37027379400260757
1 0.389892578125 0.5104302477183833 0.52880859375 0.7079530638852672
1 0.6943359375 0.6489569752281616 0.3603515625 0.7020860495436767