2 0.161376953125 0.08311603650586702 0.07177734375 0.16623207301173404
2 0.16455078125 0.2835723598435463 0.078125 0.19165580182529335
2 0.2607421875 0.043676662320730114 0.1220703125 0.08735332464146023
2 0.275634765625 0.13591916558018252 0.1123046875 0.13624511082138202
2 0.369140625 0.06029986962190352 0.1025390625 0.12059973924380704
2 0.621826171875 0.09191655801825294 0.16357421875 0.18383311603650587
2 0.296875 0.3155149934810952 0.14208984375 0.14993481095176012
2 0.26416015625 0.6196219035202086 0.158203125 0.181877444589309
2 0.216064453125 0.9631681877444589 0.11376953125 0.07366362451108213
2 0.3203125 0.946870925684485 0.125 0.10625814863102999
2 0.464599609375 0.923728813559322 0.13525390625 0.15254237288135594
2 0.756591796875 0.7871577574967406 0.13720703125 0.21121251629726207