1 0.59619140625 0.5704041720990873 0.548828125 0.848761408083442
2 0.65478515625 0.9341590612777053 0.67578125 0.9439374185136897 0.68896484375 0.9628422425032594 0.693359375 0.9765319426336375 0.6943359375 0.999348109517601 0.58251953125 0.999348109517601 0.58349609375 0.9850065189048239 0.58642578125 0.9765319426336375 0.59423828125 0.9621903520208605 0.60400390625 0.9511082138200783 0.62939453125 0.9374185136897001 0.654296875 0.9341590612777053
2 0.6259765625 0.5182529335071708 0.63818359375 0.5215123859191656 0.66455078125 0.5430247718383312 0.677734375 0.5645371577574967 0.68310546875 0.5853976531942634 0.68115234375 0.6036505867014341 0.66259765625 0.6427640156453716 0.6513671875 0.6538461538461539 0.63330078125 0.6649282920469362 0.625 0.6649282920469362 0.61474609375 0.6603650586701434 0.5966796875 0.6421121251629727 0.58349609375 0.6127770534550195 0.576171875 0.5814863102998696 0.57861328125 0.5534550195567145 0.59033203125 0.529986962190352 0.60546875 0.5202086049543677 0.62548828125 0.5182529335071708
2 0.832763671875 0.23239895697522817 0.08349609375 0.15319426336375488
2 0.76171875 0.42242503259452413 0.77783203125 0.42894393741851367 0.79833984375 0.4530638852672751 0.80322265625 0.4667535853976532 0.806640625 0.5 0.8017578125 0.5260756192959583 0.80224609375 0.5417209908735332 0.7919921875 0.5495436766623207 0.77099609375 0.5743155149934811 0.759765625 0.5814863102998696 0.74951171875 0.5840938722294654 0.73046875 0.5821382007822686 0.7216796875 0.5782268578878749 0.70947265625 0.5684485006518905 0.697265625 0.5541069100391134 0.68505859375 0.5345501955671447 0.67724609375 0.5149934810951761 0.673828125 0.5013037809647979 0.67333984375 0.485006518904824 0.67724609375 0.4654498044328553 0.68212890625 0.45241199478487615 0.69921875 0.43285528031290743 0.7265625 0.42046936114732725 0.7470703125 0.41916558018252936 0.76123046875 0.42242503259452413
2 0.724609375 0.7464146023468058 0.73486328125 0.7503259452411994 0.7529296875 0.7653194263363755 0.7607421875 0.7542372881355932 0.767578125 0.757496740547588 0.76904296875 0.7868318122555411 0.77685546875 0.7985658409387223 0.7841796875 0.817470664928292 0.78466796875 0.8441981747066493 0.779296875 0.8617992177314211 0.7587890625 0.8878748370273793 0.73095703125 0.9067796610169492 0.7138671875 0.9119947848761408 0.69384765625 0.9061277705345502 0.67529296875 0.8872229465449805 0.66845703125 0.864406779661017 0.6669921875 0.848109517601043 0.669921875 0.8200782268578879 0.6767578125 0.7920469361147328 0.68310546875 0.7770534550195567 0.70166015625 0.7529335071707953 0.712890625 0.7464146023468058 0.72412109375 0.7464146023468058
2 0.8330078125 0.6636245110821382 0.85205078125 0.666883963494133 0.8740234375 0.682529335071708 0.8740234375 0.7959582790091264 0.85888671875 0.8070404172099087 0.8466796875 0.8102998696219035 0.81787109375 0.8044328552803129 0.79931640625 0.788135593220339 0.7861328125 0.7698826597131682 0.77978515625 0.7535853976531942 0.77734375 0.7392438070404173 0.7783203125 0.7222946544980443 0.78955078125 0.6897001303780965 0.80126953125 0.6747066492829205 0.81005859375 0.6675358539765319 0.818359375 0.6642764015645372 0.83251953125 0.6636245110821382
2 0.24755859375 0.1316818774445893 0.25927734375 0.13428943937418514 0.27685546875 0.14602346805736635 0.28759765625 0.1623207301173403 0.29541015625 0.19230769230769232 0.29345703125 0.22620599739243807 0.2861328125 0.2529335071707953 0.27685546875 0.26792698826597133 0.26708984375 0.2777053455019557 0.25 0.2848761408083442 0.23583984375 0.2835723598435463 0.21826171875 0.27183833116036504 0.21337890625 0.2757496740547588 0.20458984375 0.27183833116036504 0.19921875 0.2588005215123859 0.19775390625 0.2470664928292047 0.185546875 0.2242503259452412 0.1826171875 0.20795306388526727 0.18359375 0.18709256844850064 0.18896484375 0.17405475880052151 0.19921875 0.15840938722294653 0.22998046875 0.13559322033898305 0.2470703125 0.1316818774445893
2 0.818359375 0.848761408083442 0.83349609375 0.8611473272490222 0.84765625 0.8839634941329857 0.85546875 0.9165580182529335 0.85498046875 0.9361147327249022 0.85009765625 0.9576271186440678 0.84033203125 0.9771838331160365 0.82275390625 0.9921773142112125 0.80517578125 0.9954367666232073 0.78662109375 0.9915254237288136 0.77685546875 0.984354628422425 0.76220703125 0.9680573663624511 0.75537109375 0.9563233376792699 0.7490234375 0.9387222946544981 0.74755859375 0.9009126466753585 0.74951171875 0.8963494132985659 0.7626953125 0.8865710560625815 0.77880859375 0.8657105606258149 0.78662109375 0.848109517601043 0.81787109375 0.848761408083442
2 0.854248046875 0.09582790091264667 0.04052734375 0.12385919165580182
2 0.8740234375 0.409387222946545 0.8740234375 0.5632333767926988 0.86279296875 0.5775749674054759 0.857421875 0.5775749674054759 0.853515625 0.5730117340286832 0.8544921875 0.546284224250326 0.85205078125 0.5358539765319427 0.8505859375 0.5325945241199479 0.84130859375 0.5273794002607562 0.83349609375 0.5169491525423728 0.82568359375 0.4908735332464146 0.8251953125 0.4784876140808344 0.82763671875 0.46479791395045633 0.83349609375 0.4491525423728814 0.84228515625 0.438722294654498 0.84716796875 0.42894393741851367 0.86083984375 0.41851368970013036 0.86572265625 0.4106910039113429 0.87353515625 0.409387222946545
2 0.83154296875 0 0.8740234375 0 0.8740234375 0.03129074315514994 0.85888671875 0.041720990873533245 0.85400390625 0.04041720990873533 0.84619140625 0.030638852672750978 0.83154296875 0.000651890482398957
2 0.7041015625 0.5912646675358539 0.716796875 0.5932203389830508 0.72900390625 0.6003911342894394 0.74609375 0.6186440677966102 0.7548828125 0.6395045632333768 0.75732421875 0.666232073011734 0.75341796875 0.6838331160365059 0.7412109375 0.7033898305084746 0.7197265625 0.7164276401564538 0.701171875 0.7209908735332464 0.685546875 0.7190352020860495 0.6669921875 0.7020860495436767 0.65673828125 0.681877444589309 0.6533203125 0.6558018252933507 0.6640625 0.6440677966101694 0.685546875 0.5958279009126467 0.70361328125 0.5912646675358539
0 0.15625 0 0.35595703125 0 0.34228515625 0.02607561929595828 0.32470703125 0.04563233376792699 0.2978515625 0.06192959582790091 0.27099609375 0.06844850065189048 0.24755859375 0.06714471968709257 0.2138671875 0.0560625814863103 0.1875 0.03650586701434159 0.1630859375 0.010430247718383311 0.15673828125 0.000651890482398957
0 0.4892578125 0.6036505867014341 0.50146484375 0.6049543676662321 0.5185546875 0.6147327249022164 0.53955078125 0.6375488917861799 0.55615234375 0.666883963494133 0.56787109375 0.6975228161668839 0.5830078125 0.7542372881355932 0.58642578125 0.8050847457627118 0.58154296875 0.8546284224250326 0.56689453125 0.9015645371577575 0.5478515625 0.9348109517601043 0.5205078125 0.9621903520208605 0.5009765625 0.9732724902216427 0.48583984375 0.9784876140808344 0.466796875 0.9823989569752282 0.4443359375 0.9823989569752282 0.4091796875 0.9719687092568449 0.39599609375 0.9628422425032594 0.3837890625 0.9485006518904824 0.36865234375 0.9367666232073012 0.34765625 0.9067796610169492 0.3369140625 0.878096479791395 0.33056640625 0.8409387222946545 0.3310546875 0.7920469361147328 0.33447265625 0.7633637548891786 0.3447265625 0.727509778357236 0.349609375 0.7170795306388527 0.3525390625 0.7157757496740548 0.3798828125 0.7796610169491526 0.39599609375 0.8063885267275098 0.421875 0.8357235984354628 0.43603515625 0.8461538461538461 0.451171875 0.863102998696219 0.470703125 0.8702737940026075 0.478515625 0.8715775749674055 0.490234375 0.8670143415906127 0.49462890625 0.8715775749674055 0.5 0.8715775749674055 0.50927734375 0.8650586701434159 0.51708984375 0.8513689700130378 0.517578125 0.8396349413298566 0.52294921875 0.8318122555410691 0.5244140625 0.8239895697522817 0.513671875 0.7679269882659713 0.501953125 0.6805736636245111 0.4892578125 0.6043024771838331
1 0.619873046875 0.18513689700130379 0.48876953125 0.37027379400260757
1 0.610107421875 0.5104302477183833 0.52880859375 0.7079530638852672
1 0.3056640625 0.6489569752281616 0.3603515625 0.7020860495436767