1 0.10194773175542407 0.40700595830472464 0.20093688362919132 0.7073641766250331
1 0.5935650887573964 0.47695239270808426 0.8084319526627219 0.7300761953254181
2 0.18701171875 0.5332464146023468 0.20068359375 0.5488917861799217 0.20654296875 0.5638852672750978 0.2080078125 0.5847457627118644 0.203125 0.6075619295958279 0.1884765625 0.6310299869621904 0.1748046875 0.6440677966101694 0.1650390625 0.651238591916558 0.14404296875 0.6577574967405476 0.123046875 0.6531942633637549 0.12060546875 0.651238591916558 0.12109375 0.6479791395045632 0.15283203125 0.6003911342894394 0.1669921875 0.5730117340286832 0.18212890625 0.5338983050847458 0.1865234375 0.5332464146023468
2 0.4794921875 0 0.572265625 0 0.57080078125 0.012385919165580182 0.55859375 0.0423728813559322 0.5478515625 0.058018252933507174 0.5302734375 0.06714471968709257 0.5146484375 0.06453715775749674 0.5 0.051499348109517604 0.48828125 0.031942633637548894 0.48095703125 0.01108213820078227 0.4794921875 0.000651890482398957
2 0.44384765625 0.0788787483702738 0.470703125 0.0880052151238592 0.48388671875 0.09908735332464146 0.49560546875 0.11864406779661017 0.50537109375 0.15514993481095177 0.50390625 0.18839634941329855 0.49560546875 0.2151238591916558 0.47802734375 0.23859191655801826 0.46728515625 0.24641460234680573 0.4501953125 0.2516297262059974 0.4326171875 0.25097783572359844 0.421875 0.24641460234680573 0.408203125 0.2333767926988266 0.39306640625 0.20730117340286833 0.38671875 0.18709256844850064 0.3828125 0.16297262059973924 0.3828125 0.14602346805736635 0.38671875 0.12190352020860495 0.39697265625 0.0984354628422425 0.4052734375 0.08865710560625815 0.41845703125 0.0788787483702738 0.443359375 0.0788787483702738
2 0.263671875 0 0.36279296875 0 0.361328125 0.012385919165580182 0.349609375 0.03585397653194263 0.33154296875 0.05410691003911343 0.31884765625 0.05867014341590613 0.30078125 0.05541069100391134 0.29248046875 0.05084745762711865 0.27685546875 0.03259452411994785 0.263671875 0.005215123859191656 0.263671875 0.000651890482398957
2 0.49853515625 0.3246414602346806 0.5087890625 0.32790091264667537 0.52294921875 0.33702737940026073 0.5361328125 0.3559322033898305 0.544921875 0.38265971316818775 0.55078125 0.4178617992177314 0.54541015625 0.4426336375488918 0.53125 0.46740547588005216 0.5263671875 0.47131681877444587 0.505859375 0.4784876140808344 0.4736328125 0.47392438070404175 0.45849609375 0.4654498044328553 0.4482421875 0.44589308996088656 0.4453125 0.42503259452411996 0.44970703125 0.3898305084745763 0.46337890625 0.34876140808344197 0.474609375 0.3318122555410691 0.498046875 0.3246414602346806
2 0.56787109375 0.15514993481095177 0.583984375 0.1681877444589309 0.591796875 0.18252933507170796 0.60302734375 0.2138200782268579 0.60791015625 0.24771838331160365 0.603515625 0.2737940026075619 0.59326171875 0.2926988265971317 0.578125 0.3089960886571056 0.5625 0.3135593220338983 0.541015625 0.3109517601043025 0.51904296875 0.2953063885267275 0.51220703125 0.2861799217731421 0.50439453125 0.26988265971316816 0.501953125 0.24315514993481094 0.50390625 0.227509778357236 0.5087890625 0.2105606258148631 0.5263671875 0.17796610169491525 0.54638671875 0.15710560625814862 0.5673828125 0.15514993481095177
2 0.703125 0.003259452411994785 0.72119140625 0.01108213820078227 0.7353515625 0.025423728813559324 0.74462890625 0.044980443285528034 0.748046875 0.06453715775749674 0.744140625 0.09256844850065189 0.732421875 0.11929595827900913 0.71826171875 0.13494132985658408 0.697265625 0.14471968709256844 0.68798828125 0.14471968709256844 0.67578125 0.1395045632333768 0.66015625 0.12385919165580182 0.64990234375 0.09908735332464146 0.646484375 0.0710560625814863 0.65185546875 0.04302477183833116 0.6689453125 0.012385919165580182 0.6796875 0.00651890482398957 0.70263671875 0.003259452411994785
2 0.02490234375 0.41395045632333766 0.0361328125 0.41590612777053454 0.04638671875 0.4211212516297262 0.05224609375 0.4282920469361147 0.05224609375 0.4348109517601043 0.046875 0.45632333767926986 0.02978515625 0.5 0.01220703125 0.5319426336375489 0.001953125 0.546284224250326 0 0.546284224250326 0 0.41916558018252936 0.00830078125 0.41460234680573665 0.0244140625 0.41395045632333766
2 0.3916015625 0.2392438070404172 0.408203125 0.2438070404172099 0.42333984375 0.2588005215123859 0.4306640625 0.2770534550195567 0.4345703125 0.3005215123859192 0.4326171875 0.32920469361147325 0.42919921875 0.34485006518904826 0.421875 0.3624511082138201 0.408203125 0.38005215123859193 0.39404296875 0.38657105606258146 0.3740234375 0.38396349413298564 0.3603515625 0.3748370273794003 0.35400390625 0.37809647979139505 0.3486328125 0.3748370273794003 0.333984375 0.34810951760104303 0.32470703125 0.3135593220338983 0.32470703125 0.30182529335071706 0.32861328125 0.2835723598435463 0.33837890625 0.2653194263363755 0.36181640625 0.24511082138200782 0.3798828125 0.2392438070404172 0.39111328125 0.2392438070404172
2 0.03125 0.4152542372881356 0.0458984375 0.4211212516297262 0.05224609375 0.42894393741851367 0.05078125 0.44198174706649285 0.04052734375 0.47392438070404175 0.0263671875 0.5071707953063885 0.001953125 0.545632333767927 0 0.545632333767927 0 0.4198174706649283 0.01025390625 0.41460234680573665 0.03076171875 0.4152542372881356
2 0.1865234375 0.07757496740547588 0.2119140625 0.08539765319426336 0.220703125 0.09322033898305085 0.232421875 0.10951760104302477 0.2412109375 0.1316818774445893 0.2431640625 0.16036505867014342 0.23779296875 0.18448500651890481 0.23486328125 0.18709256844850064 0.21875 0.17079530638852672 0.2099609375 0.17014341590612778 0.20703125 0.1636245110821382 0.19970703125 0.16427640156453716 0.19921875 0.1727509778357236 0.2060546875 0.18839634941329855 0.21826171875 0.20534550195567144 0.22119140625 0.21903520208604954 0.208984375 0.23076923076923078 0.1826171875 0.23663624511082137 0.16357421875 0.2288135593220339 0.14892578125 0.2151238591916558 0.13623046875 0.1981747066492829 0.125 0.1694915254237288 0.12353515625 0.14276401564537158 0.13232421875 0.11538461538461539 0.1435546875 0.09908735332464146 0.16748046875 0.08148631029986962 0.18603515625 0.07757496740547588
2 0.23486328125 0.2522816166883963 0.23974609375 0.2627118644067797 0.255859375 0.2842242503259452 0.26904296875 0.3239895697522816 0.27294921875 0.3494132985658409 0.2734375 0.36897001303780963 0.2724609375 0.3917861799217731 0.26904296875 0.39960886571056065 0.23779296875 0.39504563233376794 0.2197265625 0.38722294654498046 0.205078125 0.37353324641460234 0.1982421875 0.35723598435462844 0.19580078125 0.32920469361147325 0.19921875 0.31029986962190353 0.21728515625 0.26988265971316816 0.2275390625 0.25684485006518903 0.234375 0.2522816166883963
2 0.63916015625 0 0.68408203125 0 0.67919921875 0.005215123859191656 0.6650390625 0.009778357235984355 0.65087890625 0.009126466753585397 0.642578125 0.005215123859191656 0.63916015625 0.000651890482398957
2 0.8056640625 0.48435462842242505 0.81103515625 0.48891786179921776 0.8134765625 0.49608865710560623 0.822265625 0.5019556714471969 0.8388671875 0.5228161668839635 0.8466796875 0.5430247718383312 0.84716796875 0.5612777053455019 0.84228515625 0.5840938722294654 0.82568359375 0.6134289439374185 0.81396484375 0.6264667535853976 0.7919921875 0.636897001303781 0.76904296875 0.6336375488917861 0.74755859375 0.5990873533246415 0.74365234375 0.5919165580182529 0.73974609375 0.5730117340286832 0.73828125 0.5423728813559322 0.74462890625 0.5221642764015645 0.75537109375 0.5052151238591917 0.771484375 0.49478487614080835 0.79443359375 0.49478487614080835 0.79931640625 0.48565840938722293 0.80517578125 0.48435462842242505
2 0.7236328125 0.5853976531942634 0.7431640625 0.5958279009126467 0.759765625 0.621251629726206 0.771484375 0.6505867014341591 0.77294921875 0.665580182529335 0.7763671875 0.6760104302477183 0.7763671875 0.7053455019556715 0.7724609375 0.7151238591916558 0.75927734375 0.7346805736636245 0.74609375 0.7398956975228161 0.71728515625 0.7379400260756193 0.6962890625 0.727509778357236 0.67626953125 0.7066492829204694 0.6669921875 0.6936114732724902 0.65869140625 0.6616688396349413 0.65869140625 0.6447196870925684 0.66162109375 0.6290743155149935 0.6748046875 0.5997392438070405 0.6982421875 0.5853976531942634 0.72314453125 0.5853976531942634
2 0.2724609375 0.4745762711864407 0.2783203125 0.4784876140808344 0.2919921875 0.5169491525423728 0.30810546875 0.5475880052151239 0.341796875 0.5886571056062582 0.34130859375 0.5919165580182529 0.3271484375 0.5938722294654498 0.3037109375 0.622555410691004 0.283203125 0.6310299869621904 0.27099609375 0.6303780964797914 0.263671875 0.6271186440677966 0.251953125 0.6205997392438071 0.24072265625 0.6088657105606258 0.228515625 0.5886571056062582 0.220703125 0.5671447196870926 0.2158203125 0.5358539765319427 0.2177734375 0.5123859191655802 0.23046875 0.4915254237288136 0.2509765625 0.4771838331160365 0.26220703125 0.47392438070404175 0.27197265625 0.4745762711864407
2 0.25537109375 0.3983050847457627 0.2724609375 0.4002607561929596 0.27294921875 0.4322033898305085 0.27001953125 0.4348109517601043 0.25830078125 0.42894393741851367 0.25146484375 0.41851368970013036 0.2490234375 0.4015645371577575 0.25146484375 0.3983050847457627 0.2548828125 0.3983050847457627