2 0.6650390625 0.17079530638852672 0.6787109375 0.1760104302477184 0.68994140625 0.18839634941329855 0.69970703125 0.2105606258148631 0.70556640625 0.2392438070404172 0.7041015625 0.2685788787483703 0.69580078125 0.2940026075619296 0.685546875 0.3076923076923077 0.6669921875 0.31681877444589307 0.65673828125 0.31486310299869624 0.64111328125 0.3070404172099087 0.6240234375 0.29465449804432853 0.6083984375 0.273142112125163 0.60009765625 0.23142112125162972 0.6015625 0.22490221642764016 0.60888671875 0.211864406779661 0.62744140625 0.1981747066492829 0.63916015625 0.18252933507170796 0.654296875 0.1714471968709257 0.66455078125 0.17079530638852672
2 0.38330078125 0 0.43505859375 0 0.435546875 0.002607561929595828 0.4482421875 0.01108213820078227 0.45458984375 0.018904823989569754 0.45947265625 0.030638852672750978 0.4609375 0.04302477183833116 0.46044921875 0.06388526727509779 0.45751953125 0.08148631029986962 0.4423828125 0.11799217731421122 0.4345703125 0.1258148631029987 0.4013671875 0.14471968709256844 0.3935546875 0.14667535853976532 0.38671875 0.1440677966101695 0.36962890625 0.12972620599739243 0.35791015625 0.10886571056062581 0.35205078125 0.09256844850065189 0.3486328125 0.0697522816166884 0.3505859375 0.04041720990873533 0.35888671875 0.020208604954367666 0.3740234375 0.0045632333767926985 0.3828125 0.002607561929595828 0.38330078125 0.000651890482398957
2 0.591796875 0.575619295958279 0.61474609375 0.5847457627118644 0.6298828125 0.5990873533246415 0.63671875 0.6108213820078227 0.6455078125 0.6395045632333768 0.64453125 0.6623207301173403 0.64013671875 0.68122555410691 0.63330078125 0.6988265971316818 0.61572265625 0.7209908735332464 0.59814453125 0.728161668839635 0.5771484375 0.7216427640156454 0.55859375 0.7066492829204694 0.54296875 0.6792698826597132 0.5380859375 0.6544980443285529 0.5380859375 0.6342894393741851 0.541015625 0.6160365058670143 0.55322265625 0.590612777053455 0.5712890625 0.576271186440678 0.59130859375 0.575619295958279
2 0.419921875 0.5182529335071708 0.43212890625 0.5241199478487614 0.4423828125 0.5325945241199479 0.46044921875 0.5541069100391134 0.474609375 0.5847457627118644 0.4765625 0.6088657105606258 0.47021484375 0.6329856584093873 0.462890625 0.6473272490221643 0.4541015625 0.6577574967405476 0.4375 0.6688396349413298 0.408203125 0.6753585397653195 0.39013671875 0.6694915254237288 0.376953125 0.6597131681877445 0.3681640625 0.6492829204693612 0.36181640625 0.6349413298565841 0.35888671875 0.6166883963494133 0.3583984375 0.5971316818774446 0.35986328125 0.5814863102998696 0.36572265625 0.5573663624511083 0.37939453125 0.5319426336375489 0.396484375 0.5182529335071708 0.40380859375 0.516297262059974 0.41943359375 0.5182529335071708
2 0.7109375 0.5045632333767927 0.7275390625 0.5110821382007823 0.74169921875 0.529335071707953 0.74951171875 0.559322033898305 0.748046875 0.5971316818774446 0.7412109375 0.6179921773142112 0.72705078125 0.6382007822685789 0.7060546875 0.6544980443285529 0.69140625 0.6571056062581486 0.67236328125 0.6551499348109517 0.64892578125 0.6329856584093873 0.63623046875 0.6049543676662321 0.6328125 0.5847457627118644 0.63330078125 0.5730117340286832 0.642578125 0.5391134289439374 0.65625 0.5221642764015645 0.67138671875 0.5117340286831812 0.6884765625 0.5045632333767927 0.71044921875 0.5045632333767927
2 0.63232421875 0 0.626953125 0.028683181225554105 0.61279296875 0.056714471968709254 0.60107421875 0.06844850065189048 0.578125 0.07822685788787484 0.55859375 0.07496740547588006 0.53564453125 0.058018252933507174 0.5185546875 0.025423728813559324 0.5126953125 0 0.6318359375 0
2 0.7666015625 0.07235984354628422 0.779296875 0.08018252933507171 0.794921875 0.10560625814863103 0.80322265625 0.13428943937418514 0.8037109375 0.16101694915254236 0.7998046875 0.17535853976531943 0.7861328125 0.2001303780964798 0.76611328125 0.21447196870925683 0.75390625 0.2183833116036506 0.73779296875 0.2183833116036506 0.72314453125 0.2151238591916558 0.70947265625 0.20990873533246415 0.69775390625 0.2001303780964798 0.68505859375 0.17535853976531943 0.68310546875 0.14732724902216426 0.68798828125 0.12777053455019557 0.68701171875 0.11538461538461539 0.7021484375 0.10495436766623208 0.71728515625 0.0847457627118644 0.744140625 0.06910039113428944 0.76611328125 0.07235984354628422
2 0.7890625 0.6401564537157758 0.810546875 0.6453715775749674 0.82861328125 0.6571056062581486 0.84375 0.6779661016949152 0.85107421875 0.7027379400260756 0.8505859375 0.7164276401564538 0.8447265625 0.7444589308996089 0.8388671875 0.7522816166883963 0.8369140625 0.758800521512386 0.81884765625 0.7764015645371578 0.79638671875 0.7822685788787483 0.78173828125 0.7803129074315515 0.75390625 0.758800521512386 0.74072265625 0.7398956975228161 0.73388671875 0.7092568448500652 0.73486328125 0.6864406779661016 0.74560546875 0.6571056062581486 0.76806640625 0.6414602346805737 0.78857421875 0.6401564537157758
2 0.021484375 0.5260756192959583 0.02978515625 0.5267275097783573 0.03125 0.529335071707953 0.03076171875 0.5632333767926988 0.03271484375 0.5814863102998696 0.0361328125 0.5990873533246415 0.05029296875 0.6401564537157758 0.03759765625 0.6584093872229465 0.015625 0.6688396349413298 0 0.6681877444589309 0 0.529986962190352 0.02099609375 0.5260756192959583
2 0.60498046875 0.07301173402868318 0.62255859375 0.07757496740547588 0.63623046875 0.08865710560625815 0.64697265625 0.10430247718383312 0.65576171875 0.13494132985658408 0.6533203125 0.15840938722294653 0.64794921875 0.1714471968709257 0.61962890625 0.2033898305084746 0.60546875 0.20860495436766624 0.59521484375 0.20664928292046936 0.587890625 0.19947848761408082 0.580078125 0.18383311603650587 0.56689453125 0.16492829204693613 0.56298828125 0.15645371577574968 0.56201171875 0.14797913950456323 0.5634765625 0.11538461538461539 0.56640625 0.1016949152542373 0.57275390625 0.08735332464146023 0.587890625 0.07561929595827901 0.6044921875 0.07301173402868318
2 0.14306640625 0.7314211212516297 0.17236328125 0.7431551499348109 0.2080078125 0.7496740547588006 0.2109375 0.7535853976531942 0.21484375 0.7711864406779662 0.21337890625 0.8024771838331161 0.20263671875 0.8402868318122555 0.1845703125 0.863102998696219 0.16455078125 0.8709256844850065 0.1328125 0.863102998696219 0.12548828125 0.8468057366362451 0.1083984375 0.8292046936114733 0.1044921875 0.818122555410691 0.10302734375 0.7861799217731421 0.11083984375 0.7646675358539765 0.1298828125 0.7372881355932204 0.1396484375 0.7307692307692307 0.142578125 0.7314211212516297
2 0.5791015625 0.4256844850065189 0.6015625 0.4322033898305085 0.6123046875 0.44002607561929596 0.61962890625 0.4498044328552803 0.62646484375 0.46740547588005216 0.62646484375 0.49869621903520206 0.63134765625 0.5052151238591917 0.6298828125 0.515645371577575 0.61572265625 0.5267275097783573 0.6044921875 0.5475880052151239 0.59521484375 0.5554106910039114 0.58544921875 0.5586701434159062 0.56689453125 0.5580182529335072 0.54541015625 0.5443285528031291 0.53271484375 0.5312907431551499 0.52294921875 0.515645371577575 0.51611328125 0.4915254237288136 0.51611328125 0.4771838331160365 0.51806640625 0.4706649282920469 0.537109375 0.45241199478487615 0.55712890625 0.4282920469361147 0.57861328125 0.4256844850065189
2 0.29248046875 0.023142112125162973 0.10546875 0.046284224250325946
3 0.8603515625 0.39113428943937417 0.27685546875 0.3533246414602347
3 0.46044921875 0.3011734028683181 0.28271484375 0.3670143415906128
3 0.1884765625 0.5547588005215124 0.31396484375 0.3774445893089961