2 0.01664201183431953 0.1361371567288727 0.03328402366863906 0.169138707379606
2 0.1824457593688363 0.0477906955812883 0.13560157790927024 0.0955813911625766
2 0.3379758382642998 0.052181685863362734 0.14340976331360944 0.10436337172672547
2 0.13436883629191324 0.18085679239023938 0.1134122287968442 0.16312166822246055
2 0.2272361932938856 0.20060966546574813 0.1019058185404339 0.14995857216697653
2 0.14176528599605523 0.325710097744999 0.14792899408284027 0.1368349752744497
2 0.18902120315581855 0.6626214997852746 0.14875000000000005 0.21817033499713268
2 0.3618096646942801 0.22887131656161847 0.11217948717948723 0.19002388979322085
2 0.5896622287968443 0.1852510742692269 0.1364225838264299 0.21140939493762678
2 0.8941494082840238 0.12077198233852532 0.14874999999999994 0.15157474625130826
2 0.8555226824457595 0.2601447788329746 0.12080867850098609 0.1669892945953522
2 0.9561143984220908 0.26892346780021037 0.08777120315581843 0.17138357647433974
2 0.8415507889546351 0.4530126083591133 0.16190088757396448 0.18078108566123818
2 0.7151947731755425 0.8425928526058905 0.15820266272189354 0.18311811946953857
2 0.9536489151873768 0.7731796569024529 0.09270216962524647 0.15949762002113824