2 0.28173828125 0.121251629726206 0.30517578125 0.14667535853976532 0.32470703125 0.16297262059973924 0.3330078125 0.1864406779661017 0.33740234375 0.20925684485006518 0.33740234375 0.23402868318122555 0.33251953125 0.2516297262059974 0.3193359375 0.27053455019556716 0.29833984375 0.2835723598435463 0.27490234375 0.28292046936114734 0.25390625 0.26988265971316816 0.23583984375 0.24511082138200782 0.228515625 0.21447196870925683 0.232421875 0.18122555410691005 0.25048828125 0.14015645371577576 0.25830078125 0.1303780964797914 0.26904296875 0.12320730117340287 0.28125 0.121251629726206
2 0.8134765625 0.0560625814863103 0.82568359375 0.0651890482398957 0.83935546875 0.08735332464146023 0.8505859375 0.12516297262059975 0.8525390625 0.15710560625814862 0.8505859375 0.1773142112125163 0.84228515625 0.20078226857887874 0.8193359375 0.22359843546284225 0.81103515625 0.22685788787483702 0.7763671875 0.21447196870925683 0.75927734375 0.20208604954367665 0.7431640625 0.17796610169491525 0.73681640625 0.15840938722294653 0.73583984375 0.14341590612777053 0.74462890625 0.11016949152542373 0.751953125 0.0938722294654498 0.755859375 0.0651890482398957 0.76416015625 0.06388526727509779 0.77197265625 0.07431551499348109 0.783203125 0.061277705345501955 0.7919921875 0.05541069100391134 0.8095703125 0.05410691003911343 0.81298828125 0.0560625814863103
2 0.63720703125 1.0834419817470664 0.12744140625 0.1681877444589309
2 0.5625 0.8859191655801826 0.5791015625 0.8917861799217731 0.59423828125 0.910039113428944 0.60107421875 0.954367666232073 0.609375 0.9889178617992177 0.607421875 0.999348109517601 0.505859375 0.999348109517601 0.50341796875 0.9947848761408083 0.49755859375 0.9752281616688396 0.49755859375 0.9511082138200783 0.5009765625 0.9302477183833116 0.50830078125 0.9132985658409387 0.5302734375 0.8911342894393742 0.54736328125 0.8859191655801826 0.56201171875 0.8859191655801826
2 0.7041015625 0.02346805736636245 0.71337890625 0.03585397653194263 0.72900390625 0.0423728813559322 0.7373046875 0.05215123859191656 0.74365234375 0.06844850065189048 0.74609375 0.09908735332464146 0.73388671875 0.1408083441981747 0.7255859375 0.15840938722294653 0.70751953125 0.181877444589309 0.69384765625 0.19035202086049544 0.6875 0.19165580182529335 0.6767578125 0.1910039113428944 0.669921875 0.1877444589308996 0.654296875 0.1681877444589309 0.6494140625 0.1558018252933507 0.64404296875 0.12842242503259452 0.642578125 0.09191655801825294 0.6484375 0.06453715775749674 0.6591796875 0.046284224250325946 0.67431640625 0.03650586701434159 0.6884765625 0.03650586701434159 0.69140625 0.03389830508474576 0.6943359375 0.024119947848761408 0.69775390625 0.02216427640156454 0.70361328125 0.02346805736636245
2 0.43603515625 0.8409387222946545 0.4423828125 0.8578878748370273 0.46484375 0.8611473272490222 0.4765625 0.8676662320730117 0.484375 0.877444589308996 0.4912109375 0.8917861799217731 0.49462890625 0.9074315514993481 0.49658203125 0.9458930899608866 0.49365234375 0.9732724902216427 0.48388671875 0.999348109517601 0.408203125 0.999348109517601 0.39697265625 0.9752281616688396 0.38916015625 0.9432855280312907 0.39306640625 0.910039113428944 0.39697265625 0.8983050847457628 0.40771484375 0.8807040417209909 0.421875 0.8702737940026075 0.4267578125 0.863754889178618 0.4306640625 0.8435462842242504 0.435546875 0.8409387222946545
2 0.568359375 0.4661016949152542 0.57861328125 0.46936114732724904 0.59326171875 0.48239895697522817 0.6162109375 0.5286831812255541 0.6171875 0.5475880052151239 0.61279296875 0.5691003911342895 0.59619140625 0.5997392438070405 0.5791015625 0.6179921773142112 0.55908203125 0.6258148631029987 0.54150390625 0.621903520208605 0.51953125 0.5971316818774446 0.51318359375 0.5801825293350718 0.50439453125 0.529335071707953 0.51416015625 0.49282920469361147 0.52880859375 0.47392438070404175 0.5439453125 0.4654498044328553 0.56787109375 0.4661016949152542
2 0.50927734375 0.6949152542372882 0.52490234375 0.7053455019556715 0.53466796875 0.7196870925684485 0.54248046875 0.7392438070404173 0.54443359375 0.7737940026075619 0.5380859375 0.8063885267275098 0.52978515625 0.8279009126466753 0.51416015625 0.8494132985658409 0.49853515625 0.8559322033898306 0.490234375 0.8552803129074316 0.4716796875 0.8448500651890483 0.45458984375 0.8246414602346805 0.44384765625 0.8005215123859192 0.439453125 0.7711864406779662 0.44287109375 0.7640156453715776 0.4736328125 0.7314211212516297 0.49755859375 0.6955671447196871 0.5087890625 0.6949152542372882
2 0.12744140625 0 0.2412109375 0 0.24267578125 0.01955671447196871 0.248046875 0.0469361147327249 0.2470703125 0.05541069100391134 0.24267578125 0.06584093872229466 0.23046875 0.07822685788787484 0.21484375 0.08670143415906127 0.19091796875 0.08539765319426336 0.1708984375 0.07561929595827901 0.14794921875 0.054758800521512385 0.134765625 0.03455019556714472 0.12744140625 0.000651890482398957
2 0.864013671875 0.7627118644067796 0.02099609375 0.0847457627118644
2 0.866455078125 0.0818122555410691 0.01611328125 0.14797913950456323
0 0.734375 0.8409387222946545 0.2802734375 0.318122555410691
0 0.36962890625 0.08344198174706649 0.26171875 0.16688396349413298
3 0.72607421875 0.3917861799217731 0.296875 0.41590612777053454
3 0.3671875 0.6121251629726207 0.30615234375 0.4132985658409387