2 0.161376953125 0.9165580182529335 0.07177734375 0.16688396349413298
2 0.16455078125 0.7164276401564538 0.078125 0.19165580182529335
2 0.2607421875 0.9563233376792699 0.1220703125 0.08735332464146023
2 0.275634765625 0.8640808344198174 0.1123046875 0.13624511082138202
2 0.369140625 0.9397001303780965 0.1025390625 0.12059973924380704
2 0.621826171875 0.9077574967405476 0.16357421875 0.18448500651890481
2 0.296875 0.6844850065189049 0.14208984375 0.14993481095176012
2 0.26416015625 0.38037809647979137 0.158203125 0.181877444589309
2 0.216064453125 0.03650586701434159 0.11376953125 0.07301173402868318
2 0.3203125 0.052803129074315516 0.125 0.10560625814863103
2 0.464599609375 0.07594524119947849 0.13525390625 0.15189048239895697
2 0.756591796875 0.21284224250325945 0.13720703125 0.21121251629726207