2 0.4814453125 0.08996088657105607 0.4970703125 0.0984354628422425 0.51953125 0.1316818774445893 0.5283203125 0.1681877444589309 0.52783203125 0.19165580182529335 0.52001953125 0.22099087353324642 0.486328125 0.23076923076923078 0.462890625 0.24185136897001303 0.44140625 0.23402868318122555 0.42333984375 0.21773142112125163 0.4140625 0.20078226857887874 0.4091796875 0.1831812255541069 0.408203125 0.17079530638852672 0.416015625 0.1453715775749674 0.42529296875 0.1316818774445893 0.4306640625 0.12777053455019557 0.4287109375 0.11342894393741851 0.43115234375 0.10886571056062581 0.44677734375 0.10691003911342895 0.45458984375 0.09713168187744459 0.46337890625 0.09126466753585398 0.48095703125 0.08996088657105607
2 0.8623046875 0.5110821382007823 0.8740234375 0.516297262059974 0.8740234375 0.5853976531942634 0.8720703125 0.5938722294654498 0.8740234375 0.6010430247718384 0.8740234375 0.666232073011734 0.849609375 0.6753585397653195 0.8369140625 0.6747066492829205 0.81494140625 0.6558018252933507 0.80810546875 0.636245110821382 0.8046875 0.6160365058670143 0.8046875 0.6003911342894394 0.81201171875 0.5586701434159062 0.82373046875 0.5332464146023468 0.83203125 0.5228161668839635 0.8408203125 0.516297262059974 0.86181640625 0.5110821382007823
2 0.720703125 0.37614080834419816 0.7255859375 0.37809647979139505 0.72998046875 0.38461538461538464 0.73291015625 0.3917861799217731 0.734375 0.4074315514993481 0.7587890625 0.41003911342894395 0.7763671875 0.42633637548891784 0.78271484375 0.438722294654498 0.78759765625 0.46153846153846156 0.78466796875 0.4934810951760104 0.775390625 0.5228161668839635 0.76025390625 0.5443285528031291 0.748046875 0.5514993481095176 0.73779296875 0.5534550195567145 0.71826171875 0.5495436766623207 0.69775390625 0.5358539765319427 0.68310546875 0.5189048239895697 0.677734375 0.5084745762711864 0.67578125 0.4980443285528031 0.6767578125 0.4895697522816167 0.689453125 0.4517601043024772 0.69384765625 0.42959582790091266 0.70263671875 0.41916558018252936 0.6982421875 0.40808344198174706 0.701171875 0.39113428943937417 0.71142578125 0.37809647979139505 0.72021484375 0.37614080834419816
2 0.408203125 0.8663624511082139 0.4208984375 0.8722294654498044 0.4375 0.8924380704041721 0.44189453125 0.9009126466753585 0.4501953125 0.9289439374185137 0.45263671875 0.9452411994784876 0.45068359375 0.9726205997392438 0.447265625 0.9876140808344198 0.44091796875 0.999348109517601 0.36279296875 0.999348109517601 0.35302734375 0.9856584093872229 0.3466796875 0.9713168187744459 0.345703125 0.9478487614080835 0.34716796875 0.9367666232073012 0.36083984375 0.8976531942633638 0.36279296875 0.8852672750977836 0.373046875 0.8813559322033898 0.39013671875 0.8676662320730117 0.40771484375 0.8663624511082139
2 0.4384765625 0 0.54248046875 0 0.54345703125 0.00651890482398957 0.54345703125 0.02151238591916558 0.54052734375 0.035202086049543675 0.52685546875 0.06388526727509779 0.51708984375 0.07301173402868318 0.50146484375 0.08148631029986962 0.474609375 0.08604954367666232 0.45947265625 0.08083441981747067 0.45068359375 0.06779661016949153 0.44384765625 0.03911342894393742 0.4384765625 0.000651890482398957
2 0.3623046875 0 0.435546875 0 0.44677734375 0.061277705345501955 0.44677734375 0.07235984354628422 0.44189453125 0.0880052151238592 0.43359375 0.10299869621903521 0.423828125 0.11408083441981746 0.39990234375 0.1258148631029987 0.38720703125 0.12516297262059975 0.37158203125 0.11799217731421122 0.3583984375 0.1016949152542373 0.34765625 0.0651890482398957 0.35205078125 0.029335071707953065 0.3623046875 0.000651890482398957
2 0.12548828125 0.23076923076923078 0.12939453125 0.2333767926988266 0.13720703125 0.24771838331160365 0.12548828125 0.2522816166883963 0.12548828125 0.23142112125162972
2 0.7646484375 0.8846153846153846 0.787109375 0.894393741851369 0.80712890625 0.9198174706649282 0.81787109375 0.9589308996088657 0.81689453125 0.9882659713168188 0.814453125 0.999348109517601 0.703125 0.999348109517601 0.70166015625 0.9967405475880052 0.69482421875 0.9719687092568449 0.69287109375 0.9524119947848761 0.69384765625 0.9335071707953064 0.70068359375 0.9139504563233377 0.7119140625 0.8983050847457628 0.7216796875 0.8917861799217731 0.7392578125 0.8865710560625815 0.76416015625 0.8846153846153846
2 0.66748046875 0.14471968709256844 0.67041015625 0.14863102998696218 0.671875 0.1623207301173403 0.6748046875 0.16883963494132986 0.6943359375 0.16297262059973924 0.7060546875 0.16623207301173404 0.71435546875 0.17340286831812254 0.72314453125 0.18904823989569752 0.7294921875 0.21447196870925683 0.73046875 0.23663624511082137 0.728515625 0.25358539765319427 0.71923828125 0.28552803129074317 0.70654296875 0.30834419817470665 0.69482421875 0.31747066492829207 0.6845703125 0.3213820078226858 0.6806640625 0.3213820078226858 0.669921875 0.29726205997392435 0.64990234375 0.2692307692307692 0.62158203125 0.2392438070404172 0.623046875 0.2196870925684485 0.63232421875 0.196870925684485 0.65869140625 0.16427640156453716 0.66259765625 0.14667535853976532 0.6669921875 0.14471968709256844
1 0.580078125 0 0.796875 0 0.82177734375 0.050195567144719684 0.83984375 0.10299869621903521 0.86181640625 0.19165580182529335 0.87060546875 0.24315514993481094 0.87255859375 0.2842242503259452 0.8740234375 0.2861799217731421 0.8740234375 0.33376792698826596 0.87255859375 0.3350717079530639 0.87158203125 0.3604954367666232 0.8603515625 0.4002607561929596 0.8486328125 0.4302477183833116 0.84130859375 0.44198174706649285 0.83447265625 0.4491525423728814 0.814453125 0.45632333767926986 0.79150390625 0.4530638852672751 0.787109375 0.4471968709256845 0.779296875 0.424380704041721 0.7666015625 0.3709256844850065 0.75341796875 0.28226857887874834 0.74169921875 0.23272490221642764 0.71826171875 0.16492829204693613 0.6982421875 0.12451108213820078 0.68359375 0.09973924380704041 0.65087890625 0.056714471968709254 0.62451171875 0.03129074315514994 0.58056640625 0.000651890482398957
0 0.24365234375 0.15677966101694915 0.2255859375 0.3135593220338983
3 0.527099609375 0.4165580182529335 0.296875 0.4041720990873533
3 0.222412109375 0.902542372881356 0.19287109375 0.19491525423728814