2 0.63427734375 0 0.7275390625 0 0.73095703125 0.011734028683181226 0.728515625 0.04302477183833116 0.72412109375 0.058018252933507174 0.72216796875 0.07496740547588006 0.70751953125 0.10951760104302477 0.68994140625 0.13233376792698825 0.67578125 0.1421121251629726 0.65087890625 0.1421121251629726 0.640625 0.13428943937418514 0.6337890625 0.12255541069100391 0.626953125 0.10625814863102999 0.6240234375 0.08865710560625815 0.62158203125 0.050195567144719684 0.623046875 0.029335071707953065 0.62890625 0.007822685788787484 0.63427734375 0.000651890482398957
2 0.72900390625 0.16688396349413298 0.73291015625 0.1714471968709257 0.734375 0.17992177314211213 0.75830078125 0.18513689700130379 0.7705078125 0.19947848761408082 0.7763671875 0.21577574967405475 0.7763671875 0.23859191655801826 0.76953125 0.26597131681877445 0.74560546875 0.3050847457627119 0.72607421875 0.3220338983050847 0.7080078125 0.3272490221642764 0.685546875 0.3239895697522816 0.66455078125 0.29921773142112124 0.65869140625 0.28552803129074317 0.65576171875 0.27053455019556716 0.654296875 0.25358539765319427 0.6552734375 0.23076923076923078 0.65771484375 0.21903520208604954 0.6650390625 0.20078226857887874 0.67822265625 0.18448500651890481 0.6904296875 0.1773142112125163 0.7099609375 0.17666232073011734 0.72314453125 0.16688396349413298 0.728515625 0.16688396349413298
2 0 0 0.10107421875 0 0.107421875 0.030638852672750978 0.1064453125 0.04758800521512386 0.103515625 0.056714471968709254 0.09326171875 0.07170795306388526 0.0791015625 0.0788787483702738 0.06591796875 0.08213820078226858 0.0361328125 0.08083441981747067 0.01708984375 0.06584093872229466 0 0.061277705345501955 0 0.000651890482398957
2 0.4658203125 0 0.5498046875 0 0.5517578125 0.005215123859191656 0.54736328125 0.020860495436766623 0.533203125 0.037157757496740544 0.52392578125 0.04041720990873533 0.50830078125 0.04106910039113429 0.4892578125 0.033246414602346806 0.48046875 0.022816166883963495 0.47509765625 0.01108213820078227 0.46630859375 0.005215123859191656 0.4658203125 0.000651890482398957
2 0.841796875 0.24185136897001303 0.857421875 0.24967405475880053 0.86865234375 0.2607561929595828 0.88037109375 0.2770534550195567 0.884765625 0.2940026075619296 0.8837890625 0.3122555410691004 0.8798828125 0.3318122555410691 0.8662109375 0.3520208604954368 0.845703125 0.36766623207301175 0.82275390625 0.37353324641460234 0.8095703125 0.37353324641460234 0.79736328125 0.37027379400260757 0.787109375 0.36310299869621904 0.77880859375 0.3520208604954368 0.77099609375 0.32920469361147325 0.77197265625 0.2920469361147327 0.779296875 0.26597131681877445 0.7939453125 0.24771838331160365 0.81787109375 0.23859191655801826 0.84130859375 0.24185136897001303
2 0.556640625 0 0.5908203125 0 0.58984375 0.00847457627118644 0.5859375 0.016297262059973925 0.5810546875 0.02216427640156454 0.57421875 0.025423728813559324 0.56494140625 0.022816166883963495 0.56005859375 0.01694915254237288 0.55615234375 0.00847457627118644 0.556640625 0.000651890482398957
2 0.94970703125 0.3644067796610169 0.97119140625 0.3924380704041721 0.99755859375 0.44654498044328556 0.99951171875 0.4471968709256845 0.99951171875 0.5097783572359843 0.98828125 0.5136897001303781 0.9638671875 0.5097783572359843 0.94970703125 0.5026075619295959 0.93212890625 0.48435462842242505 0.91162109375 0.45371577574967403 0.90771484375 0.4367666232073012 0.90673828125 0.4198174706649283 0.91259765625 0.3983050847457627 0.91650390625 0.39048239895697523 0.931640625 0.3728813559322034 0.94921875 0.3644067796610169
2 0 0.42503259452411996 0.0029296875 0.42633637548891784 0.00537109375 0.43285528031290743 0.00732421875 0.44784876140808344 0.00537109375 0.4634941329856584 0.001953125 0.470013037809648 0 0.470013037809648 0 0.4256844850065189
2 0.83447265625 0.7170795306388527 0.8466796875 0.7242503259452412 0.86279296875 0.742503259452412 0.87353515625 0.7653194263363755 0.88037109375 0.8037809647979139 0.8798828125 0.8298565840938722 0.8701171875 0.8513689700130378 0.859375 0.863102998696219 0.84521484375 0.8676662320730117 0.8330078125 0.8670143415906127 0.8115234375 0.8591916558018253 0.78662109375 0.8409387222946545 0.767578125 0.8109517601043025 0.7626953125 0.7848761408083442 0.7626953125 0.7659713168187744 0.76513671875 0.7548891786179922 0.77197265625 0.7405475880052151 0.78271484375 0.728161668839635 0.81005859375 0.7157757496740548 0.833984375 0.7170795306388527
2 0 0.06453715775749674 0.01953125 0.06910039113428944 0.03759765625 0.08409387222946545 0.044921875 0.09517601043024772 0.0517578125 0.11277705345501955 0.05517578125 0.13624511082138202 0.05419921875 0.15645371577574968 0.0478515625 0.1727509778357236 0.03955078125 0.1864406779661017 0.0185546875 0.20273794002607562 0 0.20599739243807041 0 0.0651890482398957
2 0.17826429980276134 0.05589460718133872 0.11244575936883627 0.10081503025440444
3 0.3512278106508876 0.2322024126376749 0.2907199211045366 0.42380956054609653
3 0.8667406311637081 0.12170021266801932 0.2665187376725837 0.2258463389984802
1 0.4157519723865878 0.41673591877984617 0.49196499013806716 0.8159144596252208
1 0.780448717948718 0.7480581892616794 0.4391025641025641 0.4647504429512253