2 0.26025390625 0.37809647979139505 0.27734375 0.38657105606258146 0.2880859375 0.39765319426336376 0.30029296875 0.4217731421121252 0.30615234375 0.45045632333767927 0.2978515625 0.4817470664928292 0.29052734375 0.5267275097783573 0.2763671875 0.5345501955671447 0.2587890625 0.5384615384615384 0.2470703125 0.5365058670143416 0.224609375 0.5267275097783573 0.21044921875 0.5123859191655802 0.19580078125 0.4895697522816167 0.1923828125 0.47522816166883963 0.1923828125 0.4595827900912647 0.19580078125 0.44328552803129073 0.205078125 0.42894393741851367 0.20703125 0.4074315514993481 0.2099609375 0.4048239895697523 0.220703125 0.4074315514993481 0.22705078125 0.3956975228161669 0.23974609375 0.3833116036505867 0.2529296875 0.3774445893089961 0.259765625 0.37809647979139505
2 0.58935546875 0.9074315514993481 0.61279296875 0.9172099087353325 0.626953125 0.940026075619296 0.630859375 0.9530638852672751 0.630859375 0.9667535853976532 0.6240234375 0.999348109517601 0.5751953125 0.999348109517601 0.57177734375 0.9967405475880052 0.5634765625 0.999348109517601 0.51171875 0.999348109517601 0.509765625 0.9954367666232073 0.5078125 0.9784876140808344 0.5107421875 0.9589308996088657 0.5166015625 0.9432855280312907 0.5244140625 0.9322033898305084 0.5322265625 0.924380704041721 0.54833984375 0.9146023468057366 0.57470703125 0.9067796610169492 0.5888671875 0.9074315514993481
2 0.5009765625 0.7353324641460235 0.513671875 0.7444589308996089 0.52978515625 0.7711864406779662 0.5380859375 0.7992177314211213 0.53857421875 0.8285528031290743 0.53173828125 0.8494132985658409 0.5166015625 0.8676662320730117 0.50146484375 0.877444589308996 0.4765625 0.8839634941329857 0.45849609375 0.8800521512385919 0.4443359375 0.8689700130378096 0.43212890625 0.8455019556714471 0.43017578125 0.8129074315514994 0.41845703125 0.8109517601043025 0.40966796875 0.8037809647979139 0.40673828125 0.7946544980443285 0.40771484375 0.7842242503259452 0.41357421875 0.772490221642764 0.42236328125 0.7659713168187744 0.43408203125 0.7653194263363755 0.43896484375 0.7705345501955672 0.44677734375 0.758800521512386 0.46337890625 0.7529335071707953 0.49462890625 0.7346805736636245 0.50048828125 0.7353324641460235
2 0.84375 0.2940026075619296 0.85595703125 0.29726205997392435 0.87646484375 0.3213820078226858 0.88720703125 0.3500651890482399 0.890625 0.3754889178617992 0.88720703125 0.39895697522816165 0.87646484375 0.41851368970013036 0.8623046875 0.43089960886571055 0.841796875 0.4367666232073012 0.82080078125 0.4335071707953064 0.7958984375 0.41916558018252936 0.7783203125 0.394393741851369 0.7744140625 0.38070404172099087 0.7734375 0.3663624511082138 0.77490234375 0.3533246414602347 0.78515625 0.3305084745762712 0.7880859375 0.31681877444589307 0.79736328125 0.31421121251629724 0.82470703125 0.2966101694915254 0.84326171875 0.2940026075619296
2 0.11962890625 0.4165580182529335 0.154296875 0.42503259452411996 0.17578125 0.43415906127770537 0.18408203125 0.44328552803129073 0.18798828125 0.455019556714472 0.189453125 0.47783572359843546 0.1875 0.49478487614080835 0.1796875 0.5228161668839635 0.1728515625 0.5358539765319427 0.1650390625 0.5443285528031291 0.15478515625 0.5521512385919165 0.14111328125 0.5580182529335072 0.1240234375 0.5567144719687093 0.10888671875 0.5469361147327249 0.08251953125 0.470013037809648 0.08154296875 0.4471968709256845 0.09033203125 0.4282920469361147 0.10546875 0.4178617992177314 0.119140625 0.4165580182529335
2 0.173828125 0.2966101694915254 0.19921875 0.30964797913950454 0.20654296875 0.31681877444589307 0.21533203125 0.33376792698826596 0.21923828125 0.3533246414602347 0.2177734375 0.37614080834419816 0.21044921875 0.3983050847457627 0.2021484375 0.41134289439374183 0.19091796875 0.42242503259452413 0.17919921875 0.42894393741851367 0.1708984375 0.42894393741851367 0.1240234375 0.41395045632333766 0.1083984375 0.378748370273794 0.11279296875 0.35528031290743156 0.11083984375 0.33833116036505867 0.119140625 0.3213820078226858 0.14697265625 0.30247718383311606 0.17333984375 0.2966101694915254
2 0.2978515625 0 0.31396484375 0 0.310546875 0.01564537157757497 0.2998046875 0.005215123859191656 0.2978515625 0.000651890482398957
2 0.83837890625 0.757496740547588 0.85302734375 0.7601043024771839 0.86962890625 0.7679269882659713 0.880859375 0.7764015645371578 0.9013671875 0.7998696219035202 0.912109375 0.8194263363754889 0.91650390625 0.8318122555410691 0.9189453125 0.8735332464146024 0.91015625 0.8976531942633638 0.90283203125 0.9054758800521513 0.88671875 0.9159061277705346 0.865234375 0.9230769230769231 0.84326171875 0.924380704041721 0.81396484375 0.910039113428944 0.794921875 0.8833116036505867 0.78759765625 0.8533246414602347 0.78955078125 0.8148631029986962 0.79443359375 0.7913950456323338 0.802734375 0.7757496740547588 0.8134765625 0.7646675358539765 0.82421875 0.758800521512386 0.837890625 0.758148631029987
2 0 0 0.068359375 0 0.06884765625 0.003259452411994785 0.06787109375 0.02346805736636245 0.06103515625 0.038461538461538464 0.044921875 0.03129074315514994 0.02978515625 0.030638852672750978 0 0.041720990873533245 0 0.000651890482398957
2 0.046875 0.03129074315514994 0.06005859375 0.03911342894393742 0.0654296875 0.04563233376792699 0.05908203125 0.09517601043024772 0.06640625 0.13298565840938723 0.080078125 0.16427640156453716 0.080078125 0.1681877444589309 0.07666015625 0.1727509778357236 0.05517578125 0.1877444589308996 0.04931640625 0.18709256844850064 0.0283203125 0.16688396349413298 0 0.14667535853976532 0 0.04302477183833116 0.02490234375 0.03129074315514994 0.04638671875 0.03129074315514994
2 0.30029296875 0.6616688396349413 0.30712890625 0.6649282920469362 0.3154296875 0.6831812255541069 0.3408203125 0.7190352020860495 0.36572265625 0.741199478487614 0.36279296875 0.7601043024771839 0.35595703125 0.7757496740547588 0.345703125 0.78748370273794 0.3310546875 0.7979139504563233 0.3193359375 0.8037809647979139 0.30224609375 0.8076923076923077 0.2763671875 0.8037809647979139 0.26171875 0.7940026075619296 0.25146484375 0.7803129074315515 0.2470703125 0.7594524119947849 0.25146484375 0.7333767926988266 0.24658203125 0.7294654498044328 0.234375 0.7262059973924381 0.234375 0.7177314211212517 0.248046875 0.711864406779661 0.2724609375 0.6766623207301173 0.28955078125 0.6642764015645372 0.2998046875 0.6623207301173403
1 0.09228515625 0.31747066492829207 0.0986328125 0.31877444589308995 0.10400390625 0.3350717079530639 0.10546875 0.34876140808344197 0.107421875 0.3520208604954368 0.10205078125 0.35658409387222945 0.1015625 0.3604954367666232 0.10595703125 0.3617992177314211 0.1064453125 0.3670143415906128 0.1025390625 0.38005215123859193 0.0908203125 0.4015645371577575 0.0859375 0.4178617992177314 0.0791015625 0.4491525423728814 0.07958984375 0.4667535853976532 0.08935546875 0.5 0.1005859375 0.5254237288135594 0.1083984375 0.5567144719687093 0.12939453125 0.6205997392438071 0.1484375 0.666232073011734 0.16748046875 0.7014341590612777 0.19970703125 0.7451108213820078 0.24853515625 0.7913950456323338 0.27001953125 0.8063885267275098 0.31787109375 0.8311603650586702 0.33642578125 0.8383311603650587 0.39306640625 0.8526727509778357 0.44287109375 0.8728813559322034 0.4638671875 0.8872229465449805 0.466796875 0.9113428943937418 0.466796875 0.9198174706649282 0.46142578125 0.9465449804432855 0.4560546875 0.9556714471968709 0.447265625 0.9654498044328553 0.41259765625 0.9882659713168188 0.3974609375 0.9954367666232073 0.3759765625 0.9973924380704041 0.375 0.999348109517601 0.33935546875 0.999348109517601 0.337890625 0.9973924380704041 0.30712890625 0.9947848761408083 0.2470703125 0.9752281616688396 0.1923828125 0.9485006518904824 0.16259765625 0.9295958279009127 0.123046875 0.8950456323337679 0.09912109375 0.8696219035202086 0.056640625 0.8116036505867015 0.0302734375 0.7653194263363755 0.013671875 0.728161668839635 0.00244140625 0.6955671447196871 0 0.6949152542372882 0 0.6408083441981747 0.00244140625 0.6388526727509778 0 0.636245110821382 0 0.48239895697522817 0.01123046875 0.4680573663624511 0.02783203125 0.44002607561929596 0.0400390625 0.4041720990873533 0.046875 0.3709256844850065 0.0546875 0.3624511082138201 0.060546875 0.3624511082138201 0.06396484375 0.3513689700130378 0.06884765625 0.35528031290743156 0.0673828125 0.3604954367666232 0.0751953125 0.3683181225554107 0.078125 0.363754889178618 0.07763671875 0.35919165580182527 0.0810546875 0.3578878748370274 0.08154296875 0.3539765319426336 0.07177734375 0.34224250325945244 0.078125 0.3318122555410691 0.08837890625 0.33116036505867014 0.09228515625 0.318122555410691
0 0.21593441814595662 0.15782548878928382 0.28887327416173575 0.30138519655719537
0 0.04294132149901381 0.29088500240440873 0.0858801775147929 0.3074713592495159
3 0.43741863905325445 0.536161637980914 0.3028427021696253 0.39644980700441546
3 0.8592209072978304 0.1292873435527131 0.26134122287968453 0.2574785853333642