2 0.84423828125 0.6629726205997393 0.86083984375 0.666883963494133 0.86865234375 0.6720990873533247 0.8740234375 0.6792698826597132 0.8740234375 0.8037809647979139 0.86572265625 0.8083441981747066 0.83984375 0.8044328552803129 0.8310546875 0.7992177314211213 0.81689453125 0.7959582790091264 0.80078125 0.7848761408083442 0.79248046875 0.7770534550195567 0.775390625 0.7535853976531942 0.76708984375 0.7301173402868318 0.76904296875 0.696870925684485 0.77392578125 0.6877444589308996 0.78271484375 0.6786179921773142 0.794921875 0.6694915254237288 0.80810546875 0.665580182529335 0.84375 0.6629726205997393
2 0.69580078125 0.7066492829204694 0.7060546875 0.7086049543676662 0.71533203125 0.7138200782268579 0.7275390625 0.7235984354628422 0.73388671875 0.7333767926988266 0.7412109375 0.7509778357235984 0.7421875 0.7803129074315515 0.74951171875 0.7979139504563233 0.7490234375 0.8076923076923077 0.73974609375 0.8129074315514994 0.73828125 0.8350717079530638 0.73291015625 0.8507170795306388 0.72216796875 0.863754889178618 0.71044921875 0.8696219035202086 0.69580078125 0.8689700130378096 0.67529296875 0.8598435462842242 0.65234375 0.8363754889178618 0.63623046875 0.8096479791395046 0.6328125 0.7998696219035202 0.62939453125 0.7777053455019557 0.6318359375 0.7477183833116037 0.64794921875 0.7222946544980443 0.6572265625 0.7138200782268579 0.66943359375 0.7086049543676662 0.6953125 0.7066492829204694
2 0.8740234375 0.45436766623207303 0.8740234375 0.5664928292046936 0.87060546875 0.5691003911342895 0.85888671875 0.5632333767926988 0.8466796875 0.5443285528031291 0.84423828125 0.5319426336375489 0.84375 0.5110821382007823 0.849609375 0.48565840938722293 0.857421875 0.47392438070404175 0.8662109375 0.4667535853976532 0.87060546875 0.455019556714472 0.87353515625 0.45436766623207303
2 0.650390625 0.8617992177314211 0.67529296875 0.8728813559322034 0.68896484375 0.8924380704041721 0.6943359375 0.9132985658409387 0.69580078125 0.9367666232073012 0.69189453125 0.9634941329856584 0.6875 0.9771838331160365 0.67333984375 0.999348109517601 0.61865234375 0.999348109517601 0.6064453125 0.9804432855280313 0.59912109375 0.9615384615384616 0.5947265625 0.9308996088657105 0.5947265625 0.9132985658409387 0.59716796875 0.8970013037809648 0.6025390625 0.8833116036505867 0.61083984375 0.8722294654498044 0.62646484375 0.8624511082138201 0.64990234375 0.8617992177314211
2 0.8720703125 0.5749674054758801 0.8740234375 0.575619295958279 0.8740234375 0.621251629726206 0.86572265625 0.6186440677966102 0.8623046875 0.6147327249022164 0.85791015625 0.6082138200782269 0.85546875 0.5990873533246415 0.85888671875 0.5840938722294654 0.86572265625 0.576271186440678 0.87158203125 0.5749674054758801
2 0.31005859375 0.8546284224250326 0.32275390625 0.8670143415906127 0.33251953125 0.8859191655801826 0.33837890625 0.9139504563233377 0.33837890625 0.9380704041720991 0.3349609375 0.9569752281616688 0.3251953125 0.9758800521512386 0.3076171875 0.9941329856584094 0.29931640625 0.999348109517601 0.24169921875 0.9986962190352021 0.22802734375 0.9797913950456323 0.224609375 0.9608865710560626 0.22509765625 0.9445893089960886 0.23095703125 0.9159061277705346 0.2412109375 0.8891786179921773 0.26171875 0.8624511082138201 0.27099609375 0.8546284224250326 0.2822265625 0.8513689700130378 0.30078125 0.8507170795306388 0.3095703125 0.8546284224250326
2 0.832763671875 0.0726857887874837 0.07568359375 0.1453715775749674
3 0.70068359375 0.3014993481095176 0.3173828125 0.3878748370273794
3 0.783203125 0.9058018252933507 0.1689453125 0.18839634941329855
1 0.562255859375 0.3875488917861799 0.611328125 0.6571056062581486
1 0.314208984375 0.7907431551499348 0.34814453125 0.41851368970013036