2 0.27197265625 0 0.365234375 0 0.37451171875 0.018252933507170794 0.3779296875 0.04302477183833116 0.37353515625 0.1016949152542373 0.3623046875 0.1290743155149935 0.3505859375 0.14146023468057367 0.32373046875 0.1421121251629726 0.3095703125 0.13233376792698825 0.2919921875 0.10951760104302477 0.27783203125 0.07692307692307693 0.275390625 0.058018252933507174 0.271484375 0.046284224250325946 0.2685546875 0.01955671447196871 0.2685546875 0.011734028683181226 0.27197265625 0.000651890482398957
2 0.2763671875 0.16688396349413298 0.28955078125 0.17666232073011734 0.3115234375 0.17796610169491525 0.32275390625 0.18578878748370273 0.33349609375 0.19882659713168188 0.34375 0.227509778357236 0.34521484375 0.25358539765319427 0.34326171875 0.2737940026075619 0.33935546875 0.2900912646675359 0.3330078125 0.30247718383311606 0.31689453125 0.3220338983050847 0.30078125 0.3272490221642764 0.28759765625 0.32659713168187743 0.2734375 0.3220338983050847 0.25390625 0.3050847457627119 0.22998046875 0.26597131681877445 0.22314453125 0.23859191655801826 0.22265625 0.21903520208604954 0.22900390625 0.19947848761408082 0.240234375 0.18578878748370273 0.24853515625 0.181877444589309 0.26513671875 0.17992177314211213 0.26904296875 0.16753585397653195 0.27587890625 0.16688396349413298
2 0.8984375 0 0.99951171875 0 0.99951171875 0.061277705345501955 0.982421875 0.06584093872229466 0.96630859375 0.07953063885267275 0.955078125 0.08213820078226858 0.93359375 0.08213820078226858 0.92041015625 0.0788787483702738 0.90625 0.07170795306388526 0.8994140625 0.06258148631029987 0.89306640625 0.04758800521512386 0.89208984375 0.03650586701434159 0.89501953125 0.011734028683181226 0.8984375 0.000651890482398957
2 0.44970703125 0 0.53369140625 0 0.533203125 0.005215123859191656 0.5244140625 0.01108213820078227 0.51904296875 0.022816166883963495 0.51025390625 0.033246414602346806 0.4912109375 0.04106910039113429 0.47265625 0.039765319426336376 0.4619140625 0.033246414602346806 0.44921875 0.01499348109517601 0.44775390625 0.005215123859191656 0.44970703125 0.000651890482398957
2 0.19189453125 0.24119947848761408 0.20556640625 0.24771838331160365 0.22021484375 0.26597131681877445 0.22705078125 0.28878748370273793 0.22900390625 0.3246414602346806 0.2236328125 0.3455019556714472 0.21484375 0.3604954367666232 0.2021484375 0.37027379400260757 0.18994140625 0.37353324641460234 0.1767578125 0.37353324641460234 0.15380859375 0.36766623207301175 0.13330078125 0.3520208604954368 0.119140625 0.3305084745762712 0.11474609375 0.2940026075619296 0.119140625 0.2770534550195567 0.130859375 0.2607561929595828 0.1435546875 0.24837027379400262 0.17236328125 0.23859191655801826 0.19140625 0.24119947848761408
2 0.4267578125 0.012711864406779662 0.03515625 0.025423728813559324
2 0.0517578125 0.3644067796610169 0.06787109375 0.3728813559322034 0.0830078125 0.39048239895697523 0.09130859375 0.41134289439374183 0.0927734375 0.4198174706649283 0.091796875 0.4367666232073012 0.0859375 0.4576271186440678 0.06396484375 0.48826597131681876 0.04638671875 0.5045632333767927 0.03564453125 0.5097783572359843 0.01806640625 0.5136897001303781 0 0.5097783572359843 0 0.4471968709256845 0.001953125 0.44654498044328556 0.0283203125 0.3924380704041721 0.04638671875 0.3670143415906128 0.05126953125 0.3644067796610169
2 0.99755859375 0.470013037809648 0.994140625 0.4634941329856584 0.9921875 0.4511082138200782 0.994140625 0.43285528031290743 0.99755859375 0.42503259452411996 0.99951171875 0.42503259452411996 0.99951171875 0.470013037809648 0.998046875 0.470013037809648
2 0.1923828125 0.7164276401564538 0.21533203125 0.7268578878748371 0.2314453125 0.7477183833116037 0.23681640625 0.7659713168187744 0.234375 0.8037809647979139 0.22021484375 0.8311603650586702 0.2080078125 0.8455019556714471 0.18798828125 0.8591916558018253 0.1611328125 0.8676662320730117 0.13916015625 0.8624511082138201 0.12939453125 0.8513689700130378 0.12158203125 0.8357235984354628 0.11962890625 0.8298565840938722 0.119140625 0.8037809647979139 0.1240234375 0.7737940026075619 0.12841796875 0.758800521512386 0.138671875 0.7392438070404173 0.1572265625 0.7203389830508474 0.17138671875 0.7157757496740548 0.19189453125 0.7164276401564538
2 0.94921875 0.10886571056062581 0.958984375 0.0880052151238592 0.97314453125 0.07366362451108213 0.9853515625 0.06649282920469361 0.99951171875 0.06453715775749674 0.99951171875 0.20599739243807041 0.982421875 0.2033898305084746 0.970703125 0.19621903520208606 0.9599609375 0.1864406779661017 0.95166015625 0.1727509778357236 0.9453125 0.15645371577574968 0.9443359375 0.1453715775749674 0.94677734375 0.11603650586701435 0.94921875 0.10951760104302477
2 0.82177734375 0.05573663624511082 0.1123046875 0.10104302477183832
3 0.648681640625 0.2320730117340287 0.29052734375 0.423728813559322
3 0.13330078125 0.12157757496740547 0.2666015625 0.2255541069100391
1 0.584228515625 0.416883963494133 0.4921875 0.8161668839634941
1 0.219482421875 0.7480443285528031 0.43896484375 0.46479791395045633