1 0.26220703125 0.6795958279009127 0.5126953125 0.6408083441981747
1 0.8173828125 0.37777053455019555 0.361328125 0.7555410691003911
1 0.30859375 0.1985006518904824 0.6103515625 0.394393741851369
3 0.2314453125 0.8194263363754889 0.27783203125 0.36114732724902215
3 0.870361328125 0.8748370273794003 0.25927734375 0.2392438070404172
2 0.77783203125 0.5501955671447197 0.7900390625 0.5541069100391134 0.80419921875 0.5651890482398957 0.81494140625 0.5788787483702738 0.82861328125 0.6036505867014341 0.82763671875 0.6127770534550195 0.82275390625 0.6232073011734028 0.79150390625 0.6714471968709257 0.79150390625 0.6831812255541069 0.7978515625 0.7014341590612777 0.7978515625 0.7040417209908736 0.7939453125 0.7073011734028684 0.787109375 0.7053455019556715 0.78369140625 0.6962190352020861 0.76611328125 0.6975228161668839 0.74853515625 0.6883963494132985 0.73583984375 0.6720990873533247 0.72900390625 0.6505867014341591 0.7275390625 0.622555410691004 0.7294921875 0.6036505867014341 0.7314453125 0.5912646675358539 0.73974609375 0.5710560625814863 0.75634765625 0.5528031290743155 0.7646484375 0.5495436766623207 0.77734375 0.5501955671447197
2 0.66455078125 0.8507170795306388 0.6767578125 0.8546284224250326 0.6943359375 0.8689700130378096 0.70947265625 0.8865710560625815 0.7255859375 0.9146023468057366 0.73583984375 0.9478487614080835 0.7373046875 0.9634941329856584 0.73681640625 0.9810951760104303 0.728515625 0.999348109517601 0.642578125 0.999348109517601 0.63720703125 0.9902216427640157 0.63134765625 0.9719687092568449 0.626953125 0.9458930899608866 0.625 0.9289439374185137 0.625 0.8983050847457628 0.63037109375 0.8754889178617992 0.6376953125 0.8611473272490222 0.64404296875 0.8559322033898306 0.6640625 0.8507170795306388
2 0.58740234375 0.970664928292047 0.595703125 0.9739243807040417 0.609375 0.9915254237288136 0.63134765625 0.9908735332464146 0.63818359375 0.999348109517601 0.572265625 0.999348109517601 0.57177734375 0.984354628422425 0.57373046875 0.9784876140808344 0.5869140625 0.970664928292047
2 0.58984375 0.000651890482398957 0.69580078125 0.000651890482398957 0.70263671875 0.020860495436766623 0.7001953125 0.061277705345501955 0.6640625 0.09191655801825294 0.6484375 0.09778357235984354 0.6337890625 0.09908735332464146 0.6103515625 0.08865710560625815 0.5986328125 0.07431551499348109 0.59375 0.06453715775749674 0.5888671875 0.048239895697522815 0.58642578125 0.029335071707953065 0.58642578125 0.018904823989569754 0.58984375 0.001303780964797914
2 0.53662109375 0.9491525423728814 0.5517578125 0.9595827900912647 0.5576171875 0.9687092568448501 0.564453125 0.9810951760104303 0.56640625 0.999348109517601 0.4697265625 0.999348109517601 0.470703125 0.9934810951760105 0.47705078125 0.9830508474576272 0.48779296875 0.9732724902216427 0.498046875 0.9569752281616688 0.51611328125 0.9498044328552803 0.5361328125 0.9491525423728814
2 0.01220703125 0.7940026075619296 0.02734375 0.8024771838331161 0.0419921875 0.8168187744458931 0.05419921875 0.8428943937418514 0.0556640625 0.8670143415906127 0.052734375 0.8865710560625815 0.04150390625 0.9113428943937418 0.0263671875 0.9269882659713168 0.01025390625 0.9341590612777053 0.00048828125 0.9341590612777053 0.00048828125 0.7953063885267275 0.01171875 0.7940026075619296
2 0.625 0.9902216427640157 0.63427734375 0.9921773142112125 0.638671875 0.999348109517601 0.6083984375 0.999348109517601 0.60986328125 0.9934810951760105 0.62451171875 0.9902216427640157
2 0.68603515625 0.6720990873533247 0.70458984375 0.6773142112125163 0.72119140625 0.6857887874837028 0.73486328125 0.696870925684485 0.74609375 0.7092568448500652 0.75341796875 0.7229465449804433 0.75927734375 0.7372881355932204 0.76025390625 0.7457627118644068 0.759765625 0.7614080834419817 0.7568359375 0.7737940026075619 0.748046875 0.7894393741851369 0.73291015625 0.8005215123859192 0.7314453125 0.8161668839634941 0.72900390625 0.818122555410691 0.7099609375 0.8161668839634941 0.70263671875 0.8220338983050848 0.69287109375 0.8252933507170795 0.673828125 0.8220338983050848 0.6630859375 0.8142112125162972 0.6533203125 0.8011734028683182 0.64892578125 0.7933507170795306 0.6396484375 0.7653194263363755 0.63427734375 0.7366362451108214 0.64013671875 0.7040417209908736 0.64990234375 0.6870925684485006 0.6689453125 0.6734028683181226 0.685546875 0.6720990873533247
2 0.068359375 0.9185136897001304 0.07861328125 0.9217731421121251 0.095703125 0.9328552803129074 0.1064453125 0.9498044328552803 0.1064453125 0.9530638852672751 0.09765625 0.9687092568448501 0.0908203125 0.999348109517601 0.0048828125 0.999348109517601 0.0029296875 0.9928292046936115 0.00048828125 0.9915254237288136 0.0029296875 0.9889178617992177 0.00048828125 0.9863102998696219 0.00048828125 0.9374185136897001 0.0166015625 0.9341590612777053 0.0283203125 0.9269882659713168 0.03369140625 0.9204693611473272 0.06787109375 0.9185136897001304
2 0.5908203125 0.9713168187744459 0.59912109375 0.9771838331160365 0.60302734375 0.9830508474576272 0.60791015625 0.9941329856584094 0.60595703125 0.999348109517601 0.572265625 0.999348109517601 0.5712890625 0.9902216427640157 0.57373046875 0.9778357235984355 0.58203125 0.9719687092568449 0.59033203125 0.9713168187744459
2 0.919921875 0.4178617992177314 0.9208984375 0.42503259452411996 0.9052734375 0.47131681877444587 0.88427734375 0.5143415906127771 0.87060546875 0.5352020860495437 0.86328125 0.5215123859191656 0.8603515625 0.5052151238591917 0.86083984375 0.49478487614080835 0.8662109375 0.47522816166883963 0.873046875 0.46153846153846156 0.890625 0.4380704041720991 0.908203125 0.423728813559322 0.91943359375 0.4178617992177314
2 0.1123046875 0.9576271186440678 0.13671875 0.999348109517601 0.09228515625 0.999348109517601 0.0927734375 0.9876140808344198 0.09912109375 0.9674054758800521 0.10888671875 0.9556714471968709 0.11181640625 0.9576271186440678