2 0.5302734375 0.6303780964797914 0.55224609375 0.6401564537157758 0.5654296875 0.6551499348109517 0.57861328125 0.6844850065189049 0.58203125 0.7027379400260756 0.58154296875 0.7340286831812256 0.5751953125 0.7503259452411994 0.56103515625 0.7685788787483703 0.541015625 0.7770534550195567 0.51904296875 0.7744458930899609 0.50634765625 0.7692307692307693 0.4931640625 0.758800521512386 0.4775390625 0.7372881355932204 0.4736328125 0.727509778357236 0.470703125 0.7105606258148631 0.47021484375 0.6929595827900913 0.4736328125 0.6760104302477183 0.4775390625 0.665580182529335 0.4873046875 0.6505867014341591 0.49365234375 0.6427640156453716 0.50244140625 0.636897001303781 0.51904296875 0.6310299869621904 0.52978515625 0.6303780964797914
2 0.23779296875 0.5410691003911343 0.251953125 0.5449804432855281 0.2578125 0.5501955671447197 0.26611328125 0.560625814863103 0.27392578125 0.5801825293350718 0.2763671875 0.5984354628422425 0.27587890625 0.6186440677966102 0.26904296875 0.6427640156453716 0.2626953125 0.6544980443285529 0.25634765625 0.6616688396349413 0.23876953125 0.6720990873533247 0.2275390625 0.6734028683181226 0.2109375 0.6694915254237288 0.19921875 0.6623207301173403 0.185546875 0.6479791395045632 0.1728515625 0.622555410691004 0.17041015625 0.6049543676662321 0.17431640625 0.5840938722294654 0.18212890625 0.5677966101694916 0.1943359375 0.5554106910039114 0.19970703125 0.5443285528031291 0.20654296875 0.5423728813559322 0.21435546875 0.5501955671447197 0.23046875 0.5423728813559322 0.2373046875 0.5417209908735332
2 0.04951429980276135 0.05327778763542479 0.0891691321499014 0.0889981973363781
2 0.1943359375 0.06290743155149935 0.1376953125 0.1258148631029987
2 0.339599609375 0.06095176010430248 0.16943359375 0.12190352020860495
2 0.03955078125 0.19426336375488917 0.0791015625 0.15384615384615385
2 0.21675788954635108 0.7660467663917669 0.14258629191321498 0.15181503282596462
2 0.45652613412228804 0.5893637188873374 0.14628451676528603 0.1407750167794296
2 0.6946499013806706 0.815157392335208 0.14669625246548312 0.18091274953776204
2 0.9641272189349113 0.7830544476417508 0.07174556213017746 0.15291771779185287
2 0.5321326429980276 0.46947059292460963 0.09040187376725833 0.14786511653024548
2 0.6198643984220907 0.4126806713829079 0.10560404339250495 0.1429046799822048
2 0.7277292899408284 0.23792320807264147 0.116698717948718 0.1719201067711748
2 0.7412894477317554 0.08099303364372064 0.12902613412228803 0.14772028626606903
2 0.8485379684418146 0.05876817128647436 0.14135355029585805 0.11753305097603563
2 0.8477144970414201 0.17784168961784044 0.1397115384615384 0.186712543298643