0 0.25004191321499014 0.13779282997616166 0.33242850098619336 0.27119796126716195
0 0.07252712031558187 0.34109173011991184 0.14505177514792905 0.3124252126037303
3 0.8624260355029586 0.07852433595889619 0.2751479289940828 0.15704867191779237
3 0.851947731755424 0.3685337735844204 0.2961045364891518 0.3936453664344548
1 0.7338929980276134 0.4988875945369778 0.3509196252465483 0.809058063255235
2 0.9814453125 0.5365058670143416 0.98095703125 0.5286831812255541 0.984375 0.5286831812255541 0.994140625 0.5208604954367666 0.99951171875 0.5208604954367666 0.99951171875 0.6258148631029987 0.99169921875 0.6232073011734028 0.98486328125 0.6095176010430248 0.9873046875 0.5886571056062582 0.99462890625 0.5717079530638852 0.99462890625 0.5664928292046936 0.9921875 0.5547588005215124 0.98193359375 0.5365058670143416
2 0.525390625 0 0.634765625 0 0.63037109375 0.025423728813559324 0.61767578125 0.052803129074315516 0.609375 0.06388526727509779 0.60009765625 0.07170795306388526 0.57861328125 0.0788787483702738 0.56787109375 0.0788787483702738 0.55419921875 0.07170795306388526 0.533203125 0.0469361147327249 0.52587890625 0.020208604954367666 0.525390625 0.000651890482398957
2 0.763671875 0.9211212516297262 0.7763671875 0.9269882659713168 0.79443359375 0.9458930899608866 0.81298828125 0.9784876140808344 0.8173828125 0.9928292046936115 0.8173828125 0.999348109517601 0.77294921875 0.999348109517601 0.7724609375 0.9973924380704041 0.76953125 0.999348109517601 0.76220703125 0.999348109517601 0.76123046875 0.9973924380704041 0.712890625 0.999348109517601 0.71435546875 0.983702737940026 0.72021484375 0.9621903520208605 0.7392578125 0.9282920469361148 0.74755859375 0.9217731421121251 0.76318359375 0.9211212516297262
2 0.4111328125 0.43415906127770537 0.43115234375 0.4426336375488918 0.4462890625 0.45827900912646674 0.4541015625 0.470013037809648 0.46044921875 0.4869621903520209 0.4619140625 0.5065189048239895 0.45654296875 0.529335071707953 0.44287109375 0.5495436766623207 0.4345703125 0.5554106910039114 0.4091796875 0.5619295958279009 0.39111328125 0.560625814863103 0.3759765625 0.5528031290743155 0.3662109375 0.5404172099087353 0.36083984375 0.529335071707953 0.3583984375 0.5097783572359843 0.36474609375 0.4765319426336376 0.37841796875 0.45436766623207303 0.39697265625 0.4367666232073012 0.41064453125 0.43415906127770537
2 0.76806640625 0.5521512385919165 0.78173828125 0.5625814863102999 0.830078125 0.5769230769230769 0.8359375 0.5840938722294654 0.845703125 0.6049543676662321 0.84716796875 0.6382007822685789 0.845703125 0.6597131681877445 0.84326171875 0.6688396349413298 0.83154296875 0.6936114732724902 0.81689453125 0.7066492829204694 0.80908203125 0.7099087353324641 0.78564453125 0.7086049543676662 0.77490234375 0.7033898305084746 0.74365234375 0.6681877444589309 0.73388671875 0.6479791395045632 0.73095703125 0.6232073011734028 0.734375 0.6049543676662321 0.74755859375 0.5834419817470665 0.76318359375 0.5671447196870926 0.76416015625 0.5534550195567145 0.767578125 0.5521512385919165
2 0.33251953125 0.34810951760104303 0.341796875 0.3494132985658409 0.3544921875 0.35528031290743156 0.37548828125 0.3774445893089961 0.38427734375 0.3917861799217731 0.3916015625 0.41590612777053454 0.3916015625 0.42894393741851367 0.38916015625 0.44002607561929596 0.36767578125 0.46936114732724904 0.3583984375 0.4771838331160365 0.3544921875 0.48891786179921776 0.34423828125 0.4934810951760104 0.32275390625 0.4915254237288136 0.3125 0.48435462842242505 0.3037109375 0.47392438070404175 0.29296875 0.4498044328552803 0.287109375 0.41460234680573665 0.2890625 0.3924380704041721 0.294921875 0.3728813559322034 0.2998046875 0.3644067796610169 0.31103515625 0.3533246414602347 0.33203125 0.34810951760104303
2 0 0 0.06494140625 0 0.06591796875 0.01564537157757497 0.0615234375 0.03780964797913951 0.05078125 0.058018252933507174 0.04345703125 0.059322033898305086 0.02685546875 0.05084745762711865 0 0.04889178617992177 0 0.000651890482398957
2 0.96484375 0.515645371577575 0.97900390625 0.530638852672751 0.9921875 0.5534550195567145 0.994140625 0.5730117340286832 0.990234375 0.5814863102998696 0.98486328125 0.6075619295958279 0.97412109375 0.6232073011734028 0.94873046875 0.6440677966101694 0.9326171875 0.6492829204693612 0.92041015625 0.6479791395045632 0.9091796875 0.6434159061277706 0.89208984375 0.6303780964797914 0.8837890625 0.6186440677966102 0.875 0.5990873533246415 0.87109375 0.5749674054758801 0.875 0.5710560625814863 0.89892578125 0.5632333767926988 0.9228515625 0.5488917861799217 0.93701171875 0.5384615384615384 0.9580078125 0.515645371577575 0.96435546875 0.515645371577575
2 0.93505859375 0.6877444589308996 0.962890625 0.6942633637548892 0.9736328125 0.6994784876140808 0.99951171875 0.7222946544980443 0.99951171875 0.8409387222946545 0.9873046875 0.8500651890482399 0.9716796875 0.8539765319426337 0.9404296875 0.8513689700130378 0.93115234375 0.848761408083442 0.92138671875 0.8422425032594524 0.90478515625 0.8252933507170795 0.8994140625 0.8168187744458931 0.884765625 0.7783572359843546 0.8828125 0.7627118644067796 0.88330078125 0.7385919165580183 0.88671875 0.7242503259452412 0.8916015625 0.7138200782268579 0.8984375 0.7033898305084746 0.90771484375 0.6949152542372882 0.9208984375 0.6890482398956975 0.9345703125 0.6877444589308996
2 0.97021484375 0.21642764015645372 0.98095703125 0.22294654498044328 0.98681640625 0.2320730117340287 0.99951171875 0.23663624511082137 0.99951171875 0.3272490221642764 0.99462890625 0.3246414602346806 0.986328125 0.2985658409387223 0.9755859375 0.2757496740547588 0.95947265625 0.24967405475880053 0.94677734375 0.23402868318122555 0.94970703125 0.23076923076923078 0.95703125 0.23076923076923078 0.9599609375 0.22033898305084745 0.9697265625 0.21707953063885269
2 0 0.051499348109517604 0.0263671875 0.051499348109517604 0.0537109375 0.06649282920469361 0.064453125 0.07822685788787484 0.076171875 0.10104302477183832 0.0810546875 0.11538461538461539 0.08349609375 0.13233376792698825 0.0810546875 0.16166883963494133 0.07666015625 0.1714471968709257 0.0654296875 0.1831812255541069 0.02685546875 0.16297262059973924 0 0.1544980443285528 0 0.05215123859191656