0 0.20237426035502962 0.18965523093895373 0.2765458579881657 0.3650446808565353
0 0.872802734375 0.1760104302477184 0.25439453125 0.3520208604954368
3 0.5179561143984222 0.15096580082238492 0.33571745562130184 0.30193160164476984
3 0.8457840236686391 0.5649664025674457 0.30843195266272183 0.3520165402744883
3 0.170166015625 0.7359843546284224 0.34033203125 0.4876140808344198
2 0.64501953125 0 0.70654296875 0 0.71728515625 0.01564537157757497 0.72265625 0.03911342894393742 0.72216796875 0.06192959582790091 0.71337890625 0.09908735332464146 0.7001953125 0.1258148631029987 0.68603515625 0.1408083441981747 0.67578125 0.14602346805736635 0.65771484375 0.14928292046936115 0.64013671875 0.1440677966101695 0.626953125 0.13298565840938723 0.6142578125 0.1166883963494133 0.6103515625 0.10430247718383312 0.60888671875 0.07366362451108213 0.6142578125 0.04758800521512386 0.62255859375 0.026727509778357236 0.64501953125 0.000651890482398957
2 0.59521484375 0 0.63427734375 0 0.623046875 0.01499348109517601 0.60302734375 0.02607561929595828 0.5986328125 0.01955671447196871 0.59521484375 0.000651890482398957
2 0.00341796875 0 0.1005859375 0 0.09912109375 0.009126466753585397 0.08740234375 0.020860495436766623 0.06884765625 0.04954367666232073 0.0556640625 0.07953063885267275 0.03515625 0.0847457627118644 0.0126953125 0.0788787483702738 0 0.06779661016949153 0 0.003259452411994785 0.00341796875 0.000651890482398957
2 0.5166015625 0.3194263363754889 0.53857421875 0.3285528031290743 0.55126953125 0.34419817470664926 0.5576171875 0.3670143415906128 0.5576171875 0.3878748370273794 0.55126953125 0.41851368970013036 0.53466796875 0.45045632333767927 0.51416015625 0.46479791395045633 0.4970703125 0.46740547588005216 0.47314453125 0.46088657105606257 0.4638671875 0.45371577574967403 0.45654296875 0.44328552803129073 0.44921875 0.4302477183833116 0.44287109375 0.41134289439374183 0.44091796875 0.3983050847457627 0.4423828125 0.3741851368970013 0.453125 0.3474576271186441 0.47021484375 0.32920469361147325 0.49462890625 0.3200782268578879 0.51611328125 0.3194263363754889
2 0.98486328125 0.32920469361147325 0.99951171875 0.33376792698826596 0.99951171875 0.49282920469361147 0.984375 0.49674054758800523 0.96923828125 0.4941329856584094 0.9521484375 0.4595827900912647 0.94091796875 0.4439374185136897 0.904296875 0.40808344198174706 0.90673828125 0.38396349413298564 0.9150390625 0.3644067796610169 0.9208984375 0.3559322033898305 0.93212890625 0.3455019556714472 0.9443359375 0.33833116036505867 0.96044921875 0.3324641460234681 0.984375 0.32920469361147325
2 0.6884765625 0.24902216427640156 0.69140625 0.2516297262059974 0.6943359375 0.2607561929595828 0.71142578125 0.2653194263363755 0.7275390625 0.28096479791395046 0.7333984375 0.29726205997392435 0.7353515625 0.3155149934810952 0.73095703125 0.34876140808344197 0.71826171875 0.38070404172099087 0.7001953125 0.40221642764015647 0.68212890625 0.41003911342894395 0.67236328125 0.40808344198174706 0.66064453125 0.4015645371577575 0.65380859375 0.39504563233376794 0.64404296875 0.38005215123859193 0.63916015625 0.36766623207301175 0.6337890625 0.34224250325945244 0.6328125 0.31421121251629724 0.63720703125 0.29726205997392435 0.64404296875 0.28292046936114734 0.65576171875 0.27249022164276404 0.669921875 0.26727509778357234 0.68017578125 0.2516297262059974 0.68798828125 0.24902216427640156
2 0.11572265625 0.3376792698826597 0.1240234375 0.3409387222946545 0.14697265625 0.35853976531942633 0.17529296875 0.37222946544980445 0.1806640625 0.39765319426336376 0.17919921875 0.42503259452411996 0.17529296875 0.43741851368970014 0.16845703125 0.4498044328552803 0.1494140625 0.4706649282920469 0.1298828125 0.4784876140808344 0.1103515625 0.4771838331160365 0.09619140625 0.47196870925684486 0.08544921875 0.4641460234680574 0.0693359375 0.4426336375488918 0.06298828125 0.4172099087353325 0.06298828125 0.38396349413298564 0.0732421875 0.36310299869621904 0.09228515625 0.34419817470664926 0.10693359375 0.33833116036505867 0.115234375 0.3376792698826597
2 0.26513671875 0 0.35205078125 0 0.3505859375 0.01955671447196871 0.34228515625 0.03455019556714472 0.32861328125 0.04758800521512386 0.31494140625 0.054758800521512385 0.306640625 0.051499348109517604 0.29052734375 0.027379400260756193 0.26806640625 0.005867014341590613 0.26513671875 0.000651890482398957
2 0.02587890625 0.9504563233376793 0.064453125 0.9582790091264668 0.0751953125 0.9791395045632334 0.07861328125 0.999348109517601 0.0029296875 0.999348109517601 0 0.9973924380704041 0 0.9621903520208605 0.015625 0.9504563233376793 0.025390625 0.9504563233376793
2 0.57275390625 0.8911342894393742 0.5927734375 0.909387222946545 0.60595703125 0.9361147327249022 0.61376953125 0.9752281616688396 0.61474609375 0.9908735332464146 0.61279296875 0.999348109517601 0.48828125 0.999348109517601 0.48779296875 0.9726205997392438 0.4912109375 0.9569752281616688 0.50439453125 0.9250325945241199 0.515625 0.9074315514993481 0.5322265625 0.89374185136897 0.55029296875 0.8865710560625815 0.572265625 0.8911342894393742
2 0.7724609375 0.7737940026075619 0.79541015625 0.7842242503259452 0.8125 0.788787483702738 0.84326171875 0.788787483702738 0.86376953125 0.7848761408083442 0.876953125 0.8050847457627118 0.880859375 0.8168187744458931 0.88037109375 0.8389830508474576 0.87646484375 0.8526727509778357 0.8701171875 0.864406779661017 0.86572265625 0.8702737940026075 0.8466796875 0.8839634941329857 0.81982421875 0.8930899608865711 0.8017578125 0.8904823989569752 0.78369140625 0.8800521512385919 0.76806640625 0.8591916558018253 0.75927734375 0.8409387222946545 0.7568359375 0.8259452411994785 0.7568359375 0.8011734028683182 0.7587890625 0.78748370273794 0.765625 0.7744458930899609 0.77197265625 0.7737940026075619
2 0.02001953125 0.2607561929595828 0.02587890625 0.2627118644067797 0.0283203125 0.2790091264667536 0.041015625 0.2816166883963494 0.0517578125 0.28878748370273793 0.0625 0.3005215123859192 0.0712890625 0.32073011734028684 0.076171875 0.3533246414602347 0.06396484375 0.3767926988265971 0.05712890625 0.39895697522816165 0.0341796875 0.4211212516297262 0.01708984375 0.42633637548891784 0 0.42503259452411996 0 0.27509778357235987 0.0107421875 0.2737940026075619 0.0166015625 0.2620599739243807 0.01953125 0.2607561929595828