2 0.53076171875 0.6310299869621904 0.552734375 0.6408083441981747 0.56591796875 0.6558018252933507 0.5791015625 0.6851368970013038 0.58251953125 0.7033898305084746 0.58203125 0.7346805736636245 0.57568359375 0.7509778357235984 0.5615234375 0.7692307692307693 0.54150390625 0.7777053455019557 0.51953125 0.7750977835723598 0.5068359375 0.7698826597131682 0.49365234375 0.7594524119947849 0.47802734375 0.7379400260756193 0.47412109375 0.728161668839635 0.47119140625 0.711212516297262 0.470703125 0.6936114732724902 0.47412109375 0.6766623207301173 0.47802734375 0.666232073011734 0.48779296875 0.651238591916558 0.494140625 0.6434159061277706 0.5029296875 0.6375488917861799 0.51953125 0.6316818774445893 0.5302734375 0.6310299869621904
2 0.23828125 0.5417209908735332 0.25244140625 0.545632333767927 0.25830078125 0.5508474576271186 0.2666015625 0.5612777053455019 0.2744140625 0.5808344198174706 0.27685546875 0.5990873533246415 0.2763671875 0.6192959582790091 0.26953125 0.6434159061277706 0.26318359375 0.6551499348109517 0.2568359375 0.6623207301173403 0.2392578125 0.6727509778357236 0.22802734375 0.6740547588005215 0.21142578125 0.6701434159061278 0.19970703125 0.6629726205997393 0.18603515625 0.6486310299869622 0.17333984375 0.6232073011734028 0.1708984375 0.605606258148631 0.1748046875 0.5847457627118644 0.1826171875 0.5684485006518905 0.19482421875 0.5560625814863103 0.2001953125 0.5449804432855281 0.20703125 0.5430247718383312 0.21484375 0.5508474576271186 0.23095703125 0.5430247718383312 0.23779296875 0.5423728813559322
2 0.049560546875 0.053129074315514994 0.08935546875 0.08930899608865711
2 0.1943359375 0.06290743155149935 0.1376953125 0.1258148631029987
2 0.339599609375 0.06095176010430248 0.16943359375 0.12190352020860495
2 0.03955078125 0.19426336375488917 0.0791015625 0.15384615384615385
2 0.216796875 0.7659713168187744 0.142578125 0.15189048239895697
2 0.45654296875 0.5893089960886571 0.146484375 0.1408083441981747
2 0.694580078125 0.8151890482398957 0.146484375 0.18122555410691005
2 0.964111328125 0.7829204693611473 0.07177734375 0.15319426336375488
2 0.5322265625 0.46936114732724904 0.09033203125 0.14797913950456323
2 0.619873046875 0.41264667535853977 0.10546875 0.14276401564537158
2 0.727783203125 0.2379400260756193 0.11669921875 0.17209908735332463
2 0.7412109375 0.08083441981747067 0.12890625 0.14797913950456323
2 0.8486328125 0.05867014341590613 0.14111328125 0.11734028683181226
2 0.84765625 0.17796610169491525 0.1396484375 0.1864406779661017