0 0.25 0.8621251629726207 0.33251953125 0.2711864406779661
0 0.072509765625 0.6590612777053455 0.14501953125 0.3122555410691004
3 0.8623046875 0.9214471968709257 0.275390625 0.15710560625814862
3 0.85205078125 0.6313559322033898 0.2958984375 0.39374185136897
1 0.73388671875 0.5009778357235984 0.35107421875 0.8089960886571056
2 0.9853515625 0.39048239895697523 0.9921875 0.3767926988265971 0.99951171875 0.3741851368970013 0.99951171875 0.4791395045632334 0.99462890625 0.4791395045632334 0.98486328125 0.47131681877444587 0.9814453125 0.47131681877444587 0.98193359375 0.4634941329856584 0.99267578125 0.4452411994784876 0.9951171875 0.4335071707953064 0.9951171875 0.4282920469361147 0.98779296875 0.41134289439374183 0.98583984375 0.39113428943937417
2 0.5791015625 0.9211212516297262 0.599609375 0.9276401564537158 0.60986328125 0.9361147327249022 0.6181640625 0.9471968709256845 0.630859375 0.9745762711864406 0.63525390625 0.999348109517601 0.52587890625 0.999348109517601 0.5263671875 0.9797913950456323 0.53369140625 0.9530638852672751 0.5546875 0.9282920469361148 0.568359375 0.9211212516297262 0.57861328125 0.9211212516297262
2 0.71337890625 0.000651890482398957 0.74951171875 0.000651890482398957 0.75048828125 0.002607561929595828 0.81787109375 0.000651890482398957 0.81787109375 0.007170795306388526 0.8134765625 0.02151238591916558 0.794921875 0.05410691003911343 0.77685546875 0.07301173402868318 0.76416015625 0.0788787483702738 0.748046875 0.07822685788787484 0.73974609375 0.07170795306388526 0.720703125 0.03780964797913951 0.71484375 0.016297262059973925 0.71337890625 0.001303780964797914
2 0.41455078125 0.438722294654498 0.43798828125 0.44589308996088656 0.45068359375 0.4589308996088657 0.45947265625 0.47783572359843546 0.46240234375 0.49674054758800523 0.458984375 0.5189048239895697 0.45361328125 0.5319426336375489 0.44677734375 0.5417209908735332 0.431640625 0.5573663624511083 0.41162109375 0.5658409387222947 0.3974609375 0.5632333767926988 0.37890625 0.545632333767927 0.365234375 0.5234680573663625 0.36376953125 0.5117340286831812 0.3603515625 0.5039113428943938 0.35888671875 0.48370273794002605 0.36328125 0.4661016949152542 0.37646484375 0.4471968709256845 0.39404296875 0.438722294654498 0.4140625 0.438722294654498
2 0.8095703125 0.2900912646675359 0.8173828125 0.29335071707953064 0.83203125 0.30638852672750977 0.84375 0.33116036505867014 0.84619140625 0.34028683181225555 0.84765625 0.3617992177314211 0.84619140625 0.39504563233376794 0.83642578125 0.41590612777053454 0.83056640625 0.4230769230769231 0.7822265625 0.43741851368970014 0.7685546875 0.44784876140808344 0.7646484375 0.44654498044328556 0.763671875 0.43285528031290743 0.748046875 0.4165580182529335 0.73486328125 0.39504563233376794 0.7314453125 0.3767926988265971 0.734375 0.3520208604954368 0.744140625 0.3318122555410691 0.775390625 0.2966101694915254 0.7861328125 0.29139504563233376 0.80908203125 0.2900912646675359
2 0.3447265625 0.5065189048239895 0.35498046875 0.5110821382007823 0.35888671875 0.5228161668839635 0.3681640625 0.530638852672751 0.3896484375 0.559973924380704 0.39208984375 0.5710560625814863 0.39208984375 0.5840938722294654 0.384765625 0.6082138200782269 0.3759765625 0.622555410691004 0.35498046875 0.6447196870925684 0.34228515625 0.6505867014341591 0.3330078125 0.651890482398957 0.3115234375 0.6466753585397653 0.30029296875 0.635593220338983 0.29541015625 0.6271186440677966 0.28955078125 0.6075619295958279 0.28759765625 0.5853976531942634 0.29345703125 0.5501955671447197 0.30419921875 0.5260756192959583 0.31298828125 0.515645371577575 0.3232421875 0.5084745762711864 0.34423828125 0.5065189048239895
2 0.05126953125 0.9419817470664928 0.06494140625 0.9713168187744459 0.0654296875 0.999348109517601 0.00048828125 0.999348109517601 0.00048828125 0.9511082138200783 0.02734375 0.9491525423728814 0.04150390625 0.9413298565840938 0.04736328125 0.940026075619296 0.05078125 0.9419817470664928
2 0.94091796875 0.35267275097783574 0.9638671875 0.3663624511082138 0.982421875 0.38722294654498046 0.98583984375 0.39374185136897 0.99072265625 0.41851368970013036 0.99462890625 0.42698826597131684 0.994140625 0.44132985658409385 0.9892578125 0.4530638852672751 0.9755859375 0.4745762711864407 0.96923828125 0.4817470664928292 0.9619140625 0.48565840938722293 0.92822265625 0.45436766623207303 0.8994140625 0.4367666232073012 0.87548828125 0.42894393741851367 0.87158203125 0.42503259452411996 0.87548828125 0.40091264667535853 0.88427734375 0.3813559322033898 0.892578125 0.36962190352020863 0.9052734375 0.35919165580182527 0.9189453125 0.35267275097783574 0.9287109375 0.35071707953063885 0.9404296875 0.35267275097783574
2 0.98046875 0.14732724902216426 0.98779296875 0.14993481095176012 0.99951171875 0.1590612777053455 0.99951171875 0.2777053455019557 0.97412109375 0.3005215123859192 0.96337890625 0.3057366362451108 0.935546875 0.3122555410691004 0.92138671875 0.3109517601043025 0.9072265625 0.3044328552803129 0.89599609375 0.2926988265971317 0.88818359375 0.27835723598435463 0.88330078125 0.25554106910039115 0.8837890625 0.23076923076923078 0.88720703125 0.2138200782268579 0.90380859375 0.17666232073011734 0.92529296875 0.15514993481095177 0.93310546875 0.15058670143415906 0.9453125 0.14797913950456323 0.97998046875 0.14732724902216426
2 0.99951171875 0.6727509778357236 0.99951171875 0.7633637548891786 0.9873046875 0.7679269882659713 0.9814453125 0.7770534550195567 0.970703125 0.7835723598435462 0.96044921875 0.7796610169491526 0.95751953125 0.7692307692307693 0.9501953125 0.7692307692307693 0.947265625 0.7659713168187744 0.9599609375 0.7503259452411994 0.97607421875 0.7242503259452412 0.98681640625 0.7014341590612777 0.9951171875 0.6753585397653195 0.9990234375 0.6727509778357236
2 0.06689453125 0.817470664928292 0.0771484375 0.8285528031290743 0.08154296875 0.8383311603650587 0.083984375 0.8676662320730117 0.0791015625 0.8930899608865711 0.06494140625 0.9217731421121251 0.05419921875 0.9335071707953064 0.03173828125 0.9465449804432855 0.01953125 0.9491525423728814 0.00048828125 0.9485006518904824 0.00048828125 0.8455019556714471 0.02734375 0.8370273794002607 0.0615234375 0.817470664928292 0.06640625 0.817470664928292