1 0.365478515625 0.2623859191655802 0.47998046875 0.5247718383311604
1 0.591552734375 0.8412646675358539 0.56591796875 0.31747066492829207
1 0.725830078125 0.3259452411994785 0.29541015625 0.651890482398957
3 0.2607421875 0.16329856584093871 0.2705078125 0.32659713168187743
3 0.218994140625 0.9106910039113429 0.17919921875 0.17861799217731422
2 0.4140625 0.8044328552803129 0.43212890625 0.8083441981747066 0.447265625 0.8194263363754889 0.4580078125 0.8350717079530638 0.46337890625 0.8526727509778357 0.4619140625 0.877444589308996 0.4560546875 0.8963494132985659 0.44140625 0.9198174706649282 0.4228515625 0.9380704041720991 0.416015625 0.9367666232073012 0.408203125 0.9302477183833116 0.3720703125 0.8885267275097783 0.36328125 0.8885267275097783 0.349609375 0.8970013037809648 0.34765625 0.8970013037809648 0.34521484375 0.8917861799217731 0.3466796875 0.8826597131681877 0.353515625 0.878096479791395 0.3525390625 0.8546284224250326 0.36181640625 0.8265971316818774 0.37158203125 0.8142112125162972 0.384765625 0.8057366362451108 0.4033203125 0.803129074315515 0.41357421875 0.8044328552803129
2 0.1982421875 0.665580182529335 0.21923828125 0.6734028683181226 0.2314453125 0.6857887874837028 0.23779296875 0.7138200782268579 0.23486328125 0.7353324641460235 0.21484375 0.7737940026075619 0.2001953125 0.7907431551499348 0.18017578125 0.8070404172099087 0.1650390625 0.8142112125162972 0.1533203125 0.8161668839634941 0.14013671875 0.8155149934810951 0.1259765625 0.8044328552803129 0.1259765625 0.6897001303780965 0.138671875 0.6786179921773142 0.14697265625 0.6747066492829205 0.17919921875 0.666232073011734 0.19775390625 0.665580182529335
2 0.1259765625 0.5958279009126467 0.1376953125 0.5951760104302477 0.14208984375 0.5977835723598436 0.14794921875 0.6134289439374185 0.1455078125 0.6271186440677966 0.13232421875 0.6453715775749674 0.1328125 0.6747066492829205 0.130859375 0.6799217731421121 0.1259765625 0.6838331160365059 0.1259765625 0.5964797913950456
2 0.86083984375 0.6147327249022164 0.8740234375 0.6192959582790091 0.8740234375 0.7607561929595827 0.859375 0.7698826597131682 0.8291015625 0.7666232073011734 0.80615234375 0.7183833116036505 0.8017578125 0.6975228161668839 0.80078125 0.6779661016949152 0.80712890625 0.6499348109517601 0.8193359375 0.6310299869621904 0.8388671875 0.6179921773142112 0.8603515625 0.6147327249022164
2 0.1259765625 0.4589308996088657 0.130859375 0.4602346805736636 0.138671875 0.46870925684485004 0.14599609375 0.4830508474576271 0.1572265625 0.49478487614080835 0.16455078125 0.5319426336375489 0.1640625 0.5482398956975228 0.15625 0.5684485006518905 0.14013671875 0.5853976531942634 0.1259765625 0.5880052151238592 0.1259765625 0.4595827900912647
2 0.1259765625 0.6440677966101694 0.13037109375 0.6447196870925684 0.13330078125 0.6623207301173403 0.1318359375 0.6786179921773142 0.1259765625 0.6844850065189049 0.1259765625 0.6447196870925684
2 0.3271484375 0.6786179921773142 0.34765625 0.6864406779661016 0.3603515625 0.6994784876140808 0.37060546875 0.7249022164276402 0.37158203125 0.7477183833116037 0.36767578125 0.772490221642764 0.361328125 0.7946544980443285 0.35302734375 0.8129074315514994 0.34375 0.8279009126466753 0.33349609375 0.8376792698826597 0.32275390625 0.8455019556714471 0.31640625 0.8468057366362451 0.3046875 0.8461538461538461 0.29541015625 0.8422425032594524 0.28369140625 0.8305084745762712 0.275390625 0.8102998696219035 0.263671875 0.8083441981747066 0.26220703125 0.8050847457627118 0.263671875 0.7796610169491526 0.25830078125 0.7659713168187744 0.2568359375 0.7496740547588006 0.2587890625 0.7333767926988266 0.26416015625 0.7190352020860495 0.27490234375 0.7040417209908736 0.28076171875 0.6981747066492829 0.3017578125 0.6857887874837028 0.32666015625 0.6786179921773142
2 0.13818359375 0.5951760104302477 0.1435546875 0.5990873533246415 0.14794921875 0.6179921773142112 0.14306640625 0.6316818774445893 0.13037109375 0.6434159061277706 0.1259765625 0.6408083441981747 0.1259765625 0.5958279009126467 0.1376953125 0.5951760104302477
2 0.50244140625 0.9804432855280313 0.51708984375 0.9869621903520208 0.53076171875 0.999348109517601 0.47705078125 0.999348109517601 0.47412109375 0.9934810951760105 0.48046875 0.9869621903520208 0.49365234375 0.9810951760104303 0.501953125 0.9804432855280313
2 0.1259765625 0 0.1396484375 0 0.12744140625 0.014341590612777053 0.1259765625 0.014341590612777053 0.1259765625 0.000651890482398957