2 0.4912109375 0.22946544980443284 0.50634765625 0.2405475880052151 0.52197265625 0.2620599739243807 0.52783203125 0.2796610169491525 0.529296875 0.30638852672750977 0.52197265625 0.33376792698826596 0.5078125 0.3546284224250326 0.4970703125 0.3624511082138201 0.47705078125 0.36897001303780963 0.46337890625 0.36766623207301175 0.44921875 0.3604954367666232 0.44091796875 0.3533246414602347 0.43115234375 0.3396349413298566 0.41796875 0.303129074315515 0.4169921875 0.273142112125163 0.4189453125 0.26140808344198174 0.42431640625 0.24902216427640156 0.4404296875 0.22946544980443284 0.45849609375 0.22229465449804434 0.47412109375 0.22294654498044328 0.49072265625 0.22946544980443284
2 0.77197265625 0.3259452411994785 0.7958984375 0.33376792698826596 0.81396484375 0.3513689700130378 0.82568359375 0.37353324641460234 0.8291015625 0.394393741851369 0.82763671875 0.4074315514993481 0.82177734375 0.423728813559322 0.81396484375 0.4361147327249022 0.80322265625 0.44654498044328556 0.7998046875 0.455019556714472 0.79296875 0.45697522816166886 0.78515625 0.4491525423728814 0.76171875 0.45827900912646674 0.74658203125 0.45371577574967403 0.7333984375 0.438722294654498 0.7255859375 0.41916558018252936 0.72314453125 0.3852672750977836 0.73095703125 0.35528031290743156 0.740234375 0.34028683181225555 0.7587890625 0.32790091264667537 0.771484375 0.3259452411994785
2 0.950439453125 0.946870925684485 0.08935546875 0.08930899608865711
2 0.8056640625 0.9370925684485006 0.1376953125 0.1258148631029987
2 0.660400390625 0.9390482398956975 0.16943359375 0.12190352020860495
2 0.96044921875 0.8057366362451108 0.0791015625 0.15384615384615385
2 0.783203125 0.23402868318122555 0.142578125 0.15189048239895697
2 0.54345703125 0.4106910039113429 0.146484375 0.1408083441981747
2 0.305419921875 0.18481095176010431 0.146484375 0.18122555410691005
2 0.035888671875 0.21707953063885269 0.07177734375 0.15319426336375488
2 0.4677734375 0.530638852672751 0.09033203125 0.14797913950456323
2 0.380126953125 0.5873533246414603 0.10546875 0.14276401564537158
2 0.272216796875 0.7620599739243807 0.11669921875 0.17209908735332463
2 0.2587890625 0.9191655801825294 0.12890625 0.14797913950456323
2 0.1513671875 0.9413298565840938 0.14111328125 0.11734028683181226
2 0.15234375 0.8220338983050848 0.1396484375 0.1864406779661017