0 0.732421875 0.14341590612777053 0.2734375 0.28683181225554105
0 0.74267578125 0.9139504563233377 0.263671875 0.17209908735332463
3 0.761474609375 0.5241199478487614 0.22607421875 0.4485006518904824
3 0.451171875 0.8777705345501956 0.263671875 0.24445893089960888
3 0.3232421875 0.14341590612777053 0.365234375 0.28683181225554105
2 0.822265625 0.6460234680573663 0.84130859375 0.6538461538461539 0.8544921875 0.6636245110821382 0.8740234375 0.6936114732724902 0.8740234375 0.7757496740547588 0.86279296875 0.7900912646675359 0.84521484375 0.7972620599739244 0.83056640625 0.7972620599739244 0.81884765625 0.7933507170795306 0.80859375 0.7868318122555411 0.80029296875 0.7848761408083442 0.78857421875 0.7764015645371578 0.77099609375 0.7522816166883963 0.76513671875 0.7346805736636245 0.7626953125 0.7157757496740548 0.76416015625 0.6981747066492829 0.76708984375 0.6857887874837028 0.77685546875 0.666232073011734 0.787109375 0.652542372881356 0.7939453125 0.6479791395045632 0.82177734375 0.6460234680573663
2 0.85791015625 0.6329856584093873 0.8740234375 0.6271186440677966 0.8740234375 0.6792698826597132 0.865234375 0.6681877444589309 0.85986328125 0.6551499348109517 0.85498046875 0.6375488917861799 0.85791015625 0.6336375488917861
2 0.58203125 0.4211212516297262 0.59912109375 0.42503259452411996 0.609375 0.4322033898305085 0.6171875 0.44132985658409385 0.62890625 0.46284224250325945 0.634765625 0.49282920469361147 0.6357421875 0.5208604954367666 0.62841796875 0.5514993481095176 0.615234375 0.5697522816166884 0.5966796875 0.5775749674054759 0.5712890625 0.5736636245110821 0.5498046875 0.559973924380704 0.53515625 0.5430247718383312 0.525390625 0.5136897001303781 0.5244140625 0.4908735332464146 0.52587890625 0.4791395045632334 0.529296875 0.4641460234680574 0.53466796875 0.4517601043024772 0.55859375 0.4276401564537158 0.568359375 0.4230769230769231 0.58154296875 0.4211212516297262
2 0.6455078125 0.6799217731421121 0.66015625 0.6897001303780965 0.66552734375 0.696870925684485 0.67041015625 0.7079530638852672 0.67431640625 0.7268578878748371 0.6875 0.7431551499348109 0.68798828125 0.7516297262059974 0.68603515625 0.7555410691003911 0.67919921875 0.7594524119947849 0.67578125 0.7822685788787483 0.66650390625 0.8005215123859192 0.6533203125 0.8109517601043025 0.6416015625 0.8142112125162972 0.62939453125 0.8135593220338984 0.61474609375 0.8089960886571056 0.58935546875 0.7913950456323338 0.5732421875 0.7672750977835724 0.5673828125 0.7431551499348109 0.56884765625 0.7301173402868318 0.57373046875 0.7144719687092569 0.57861328125 0.7053455019556715 0.58984375 0.6923076923076923 0.59912109375 0.6857887874837028 0.6181640625 0.6786179921773142 0.63916015625 0.6773142112125163 0.64501953125 0.6799217731421121
2 0.51611328125 0 0.6181640625 0 0.60595703125 0.028683181225554105 0.595703125 0.06649282920469361 0.59130859375 0.0697522816166884 0.572265625 0.07431551499348109 0.55322265625 0.07040417209908735 0.53759765625 0.05736636245110821 0.52197265625 0.031942633637548894 0.5185546875 0.020860495436766623 0.51611328125 0.000651890482398957
2 0.873046875 0.1864406779661017 0.8740234375 0.30247718383311606 0.85986328125 0.3005215123859192 0.8486328125 0.2894393741851369 0.8388671875 0.2711864406779661 0.83349609375 0.2529335071707953 0.8359375 0.24185136897001303 0.85400390625 0.22033898305084745 0.873046875 0.18709256844850064
2 0.14599609375 0.48370273794002605 0.17041015625 0.49608865710560623 0.18701171875 0.5110821382007823 0.1982421875 0.5260756192959583 0.2080078125 0.5541069100391134 0.21044921875 0.5671447196870926 0.2099609375 0.5821382007822686 0.2060546875 0.6003911342894394 0.19970703125 0.6140808344198174 0.1904296875 0.6271186440677966 0.1650390625 0.6460234680573663 0.134765625 0.6531942633637549 0.1259765625 0.6505867014341591 0.1259765625 0.48435462842242505 0.1455078125 0.48370273794002605
2 0.2744140625 0.8428943937418514 0.28955078125 0.848761408083442 0.29541015625 0.8578878748370273 0.28369140625 0.9172099087353325 0.28369140625 0.9582790091264668 0.28662109375 0.9856584093872229 0.27587890625 0.999348109517601 0.232421875 0.999348109517601 0.22705078125 0.9941329856584094 0.22265625 0.9882659713168188 0.21240234375 0.9628422425032594 0.20556640625 0.9269882659713168 0.2060546875 0.9113428943937418 0.20947265625 0.894393741851369 0.21533203125 0.878748370273794 0.2236328125 0.8663624511082139 0.24658203125 0.8448500651890483 0.27392578125 0.8428943937418514