1 0.26232741617357 0.32027237964455896 0.5128205128205128 0.6405447592891179
1 0.8173828125 0.6222294654498044 0.361328125 0.7555410691003911
1 0.3085552268244577 0.8015038483396723 0.610207100591716 0.3943333101892926
3 0.23134368836291916 0.18060004783101763 0.2777785996055227 0.36120009566203526
3 0.8704388560157791 0.12516955581442593 0.25912228796844183 0.23936821911749204
2 0.79345703125 0.2926988265971317 0.79736328125 0.29595827900912647 0.79736328125 0.2985658409387223 0.791015625 0.31681877444589307 0.791015625 0.3285528031290743 0.822265625 0.3767926988265971 0.8271484375 0.38722294654498046 0.828125 0.3963494132985658 0.814453125 0.4211212516297262 0.8037109375 0.4348109517601043 0.78955078125 0.44589308996088656 0.7734375 0.45045632333767927 0.76416015625 0.45045632333767927 0.7548828125 0.44654498044328556 0.74462890625 0.4367666232073012 0.73779296875 0.4256844850065189 0.73095703125 0.408735332464146 0.72900390625 0.3963494132985658 0.72705078125 0.3774445893089961 0.728515625 0.3494132985658409 0.7353515625 0.32790091264667537 0.748046875 0.3116036505867014 0.765625 0.30247718383311606 0.783203125 0.30378096479791394 0.78662109375 0.29465449804432853 0.79296875 0.2926988265971317
2 0.64208984375 0 0.72802734375 0 0.73583984375 0.01694915254237288 0.73681640625 0.03259452411994785 0.7353515625 0.05215123859191656 0.72802734375 0.07822685788787484 0.71630859375 0.1016949152542373 0.705078125 0.11864406779661017 0.67626953125 0.1453715775749674 0.66015625 0.14928292046936115 0.6435546875 0.1440677966101695 0.63232421875 0.13102998696219034 0.6240234375 0.09647979139504563 0.62451171875 0.0710560625814863 0.630859375 0.02803129074315515 0.63671875 0.009778357235984355 0.64208984375 0.000651890482398957
2 0.57177734375 0 0.6376953125 0 0.6357421875 0.005215123859191656 0.630859375 0.009126466753585397 0.60888671875 0.00847457627118644 0.59521484375 0.02607561929595828 0.5869140625 0.029335071707953065 0.5791015625 0.026727509778357236 0.5732421875 0.02151238591916558 0.5712890625 0.01564537157757497 0.57177734375 0.000651890482398957
2 0.64453125 0.9015645371577575 0.66552734375 0.909387222946545 0.7001953125 0.939374185136897 0.7021484375 0.9791395045632334 0.6953125 0.999348109517601 0.58935546875 0.999348109517601 0.5859375 0.9810951760104303 0.58642578125 0.9641460234680573 0.59130859375 0.940677966101695 0.5966796875 0.9282920469361148 0.60498046875 0.9165580182529335 0.615234375 0.9074315514993481 0.63330078125 0.9009126466753585 0.64404296875 0.9015645371577575
2 0.46923828125 0 0.56591796875 0 0.56640625 0.002607561929595828 0.56396484375 0.018904823989569754 0.55126953125 0.04041720990873533 0.5361328125 0.05084745762711865 0.52392578125 0.051499348109517604 0.49609375 0.041720990873533245 0.4873046875 0.026727509778357236 0.4765625 0.01694915254237288 0.47021484375 0.00651890482398957 0.46923828125 0.000651890482398957
2 0 0.06584093872229466 0.01953125 0.06910039113428944 0.03955078125 0.08670143415906127 0.05224609375 0.11342894393741851 0.05517578125 0.13298565840938723 0.0537109375 0.15710560625814862 0.05029296875 0.16753585397653195 0.03955078125 0.18578878748370273 0.0185546875 0.2033898305084746 0.01171875 0.20599739243807041 0 0.2046936114732725 0 0.06649282920469361
2 0.60791015625 0 0.63818359375 0 0.634765625 0.007170795306388526 0.62451171875 0.009778357235984355 0.609375 0.00651890482398957 0.60791015625 0.000651890482398957
2 0.69677734375 0.1760104302477184 0.70947265625 0.18383311603650587 0.712890625 0.181877444589309 0.728515625 0.181877444589309 0.73095703125 0.18383311603650587 0.732421875 0.19947848761408082 0.74755859375 0.2105606258148631 0.75634765625 0.22620599739243807 0.75927734375 0.23859191655801826 0.759765625 0.2542372881355932 0.7587890625 0.2627118644067797 0.7529296875 0.2770534550195567 0.74560546875 0.2907431551499348 0.734375 0.303129074315515 0.720703125 0.31421121251629724 0.7041015625 0.3226857887874837 0.685546875 0.32790091264667537 0.66845703125 0.32659713168187743 0.6494140625 0.31290743155149936 0.6396484375 0.29595827900912647 0.6337890625 0.2633637548891786 0.63916015625 0.23468057366362452 0.6484375 0.20664928292046936 0.65283203125 0.19882659713168188 0.66259765625 0.18578878748370273 0.67333984375 0.17796610169491525 0.68701171875 0.17470664928292046 0.6962890625 0.1760104302477184
2 0.00439453125 0 0.09033203125 0 0.09130859375 0.010430247718383311 0.09716796875 0.03129074315514994 0.10595703125 0.0469361147327249 0.10302734375 0.05736636245110821 0.0966796875 0.06584093872229466 0.078125 0.07822685788787484 0.06787109375 0.08148631029986962 0.033203125 0.07953063885267275 0.02783203125 0.07301173402868318 0.01611328125 0.06584093872229466 0 0.06258148631029987 0 0.013689700130378096 0.00244140625 0.012385919165580182 0 0.00847457627118644 0.00244140625 0.007170795306388526 0.00439453125 0.000651890482398957
2 0.57177734375 0 0.60546875 0 0.607421875 0.0045632333767926985 0.5986328125 0.022816166883963495 0.59326171875 0.027379400260756193 0.5849609375 0.029335071707953065 0.5732421875 0.02216427640156454 0.57080078125 0.009778357235984355 0.57177734375 0.000651890482398957
2 0.87109375 0.4654498044328553 0.89111328125 0.49934810951760106 0.90478515625 0.5286831812255541 0.92041015625 0.5749674054758801 0.91943359375 0.5821382007822686 0.91162109375 0.5788787483702738 0.892578125 0.5645371577574967 0.87255859375 0.5384615384615384 0.86572265625 0.5247718383311604 0.8603515625 0.5052151238591917 0.85986328125 0.49478487614080835 0.86279296875 0.4784876140808344 0.8671875 0.4680573663624511 0.87060546875 0.4654498044328553
2 0.091796875 0 0.13623046875 0 0.134765625 0.005215123859191656 0.10986328125 0.04432855280312908 0.10595703125 0.0423728813559322 0.0986328125 0.03259452411994785 0.09228515625 0.012385919165580182 0.091796875 0.000651890482398957