0 0.797607421875 0.1897001303780965 0.2763671875 0.3650586701434159
0 0.127197265625 0.1760104302477184 0.25439453125 0.3520208604954368
3 0.48193359375 0.15091264667535853 0.3359375 0.30182529335071706
3 0.154052734375 0.5645371577574967 0.30810546875 0.3520208604954368
3 0.829833984375 0.7359843546284224 0.34033203125 0.4876140808344198
2 0.29296875 0 0.3544921875 0 0.376953125 0.026727509778357236 0.38525390625 0.04758800521512386 0.390625 0.07366362451108213 0.388671875 0.1075619295958279 0.38525390625 0.1166883963494133 0.36767578125 0.13754889178617993 0.359375 0.1440677966101695 0.341796875 0.14928292046936115 0.32373046875 0.14602346805736635 0.3134765625 0.1408083441981747 0.29931640625 0.1258148631029987 0.29248046875 0.11473272490221642 0.2861328125 0.09908735332464146 0.27685546875 0.05867014341590613 0.27685546875 0.03911342894393742 0.27978515625 0.022816166883963495 0.2822265625 0.01564537157757497 0.29296875 0.000651890482398957
2 0.38525390625 0.013363754889178618 0.0390625 0.026727509778357236
2 0.89892578125 0 0.99609375 0 0.99658203125 0.002607561929595828 0.99951171875 0.003259452411994785 0.99951171875 0.06779661016949153 0.98681640625 0.0788787483702738 0.96435546875 0.0847457627118644 0.94384765625 0.07953063885267275 0.9306640625 0.04954367666232073 0.9130859375 0.02216427640156454 0.900390625 0.009126466753585397 0.89892578125 0.000651890482398957
2 0.5068359375 0.32073011734028684 0.529296875 0.32920469361147325 0.54638671875 0.3474576271186441 0.556640625 0.37157757496740546 0.55859375 0.3983050847457627 0.5556640625 0.4152542372881356 0.55029296875 0.4302477183833116 0.53564453125 0.45371577574967403 0.5263671875 0.46088657105606257 0.50634765625 0.46740547588005216 0.4853515625 0.46479791395045633 0.46875 0.45436766623207303 0.4619140625 0.44654498044328556 0.4482421875 0.41851368970013036 0.4443359375 0.4048239895697523 0.44140625 0.378748370273794 0.44482421875 0.3520208604954368 0.4482421875 0.34419817470664926 0.45947265625 0.32985658409387225 0.48388671875 0.31877444589308995 0.50634765625 0.32073011734028684
2 0.015625 0.32920469361147325 0.04150390625 0.333116036505867 0.0673828125 0.3455019556714472 0.08447265625 0.3644067796610169 0.0927734375 0.38396349413298564 0.09521484375 0.3963494132985658 0.09375 0.41134289439374183 0.07861328125 0.4230769230769231 0.05859375 0.4439374185136897 0.04736328125 0.4595827900912647 0.0302734375 0.4941329856584094 0.01953125 0.49674054758800523 0.0078125 0.49608865710560623 0 0.49282920469361147 0 0.33376792698826596 0.01513671875 0.32920469361147325
2 0.31494140625 0.24902216427640156 0.32373046875 0.25684485006518903 0.32958984375 0.26727509778357234 0.34375 0.27249022164276404 0.35546875 0.28292046936114734 0.3623046875 0.29726205997392435 0.36669921875 0.31421121251629724 0.36572265625 0.34224250325945244 0.3603515625 0.36766623207301175 0.35546875 0.38005215123859193 0.345703125 0.39504563233376794 0.3388671875 0.4015645371577575 0.3271484375 0.40808344198174706 0.3173828125 0.41003911342894395 0.29931640625 0.40221642764015647 0.28125 0.38070404172099087 0.2685546875 0.34876140808344197 0.26416015625 0.3155149934810952 0.2666015625 0.2953063885267275 0.2744140625 0.2777053455019557 0.2880859375 0.2653194263363755 0.30517578125 0.2607561929595828 0.30810546875 0.2516297262059974 0.314453125 0.24902216427640156
2 0.8896484375 0.3376792698826597 0.9091796875 0.3455019556714472 0.92626953125 0.36310299869621904 0.93603515625 0.3820078226857888 0.9375 0.4067796610169492 0.93212890625 0.43741851368970014 0.91796875 0.4602346805736636 0.9033203125 0.47196870925684486 0.87744140625 0.4784876140808344 0.8564453125 0.4745762711864407 0.83740234375 0.45827900912646674 0.822265625 0.4322033898305085 0.818359375 0.40352020860495436 0.8212890625 0.38070404172099087 0.82421875 0.37222946544980445 0.8525390625 0.35853976531942633 0.87548828125 0.3409387222946545 0.88916015625 0.3376792698826597
2 0.69140625 0.02770534550195567 0.08740234375 0.05541069100391134
2 0.982421875 0.9498044328552803 0.99951171875 0.9621903520208605 0.99951171875 0.9973924380704041 0.99658203125 0.999348109517601 0.9208984375 0.999348109517601 0.92431640625 0.9791395045632334 0.93505859375 0.9582790091264668 0.98193359375 0.9498044328552803
2 0.45654296875 0.8891786179921773 0.4775390625 0.9002607561929595 0.4951171875 0.9250325945241199 0.50244140625 0.940026075619296 0.509765625 0.9634941329856584 0.51171875 0.9726205997392438 0.51123046875 0.999348109517601 0.38671875 0.999348109517601 0.384765625 0.9876140808344198 0.39013671875 0.9471968709256845 0.39697265625 0.9282920469361148 0.40673828125 0.909387222946545 0.4140625 0.9009126466753585 0.4306640625 0.8891786179921773 0.4482421875 0.8865710560625815 0.4560546875 0.8891786179921773
2 0.23388671875 0.7744458930899609 0.24072265625 0.78748370273794 0.24267578125 0.8011734028683182 0.24267578125 0.8259452411994785 0.240234375 0.8409387222946545 0.2314453125 0.8591916558018253 0.2158203125 0.8800521512385919 0.20263671875 0.8885267275097783 0.18505859375 0.8930899608865711 0.16845703125 0.8904823989569752 0.15283203125 0.8839634941329857 0.1376953125 0.8735332464146024 0.12939453125 0.864406779661017 0.123046875 0.8526727509778357 0.119140625 0.8389830508474576 0.11865234375 0.8168187744458931 0.12255859375 0.8050847457627118 0.1357421875 0.7848761408083442 0.15625 0.788787483702738 0.18701171875 0.788787483702738 0.2041015625 0.7842242503259452 0.22900390625 0.7731421121251629 0.2333984375 0.7744458930899609
2 0.98046875 0.2607561929595828 0.98876953125 0.2737940026075619 0.99951171875 0.27509778357235987 0.99951171875 0.42503259452411996 0.994140625 0.42633637548891784 0.9697265625 0.423728813559322 0.94873046875 0.4061277705345502 0.94091796875 0.3970013037809648 0.935546875 0.3767926988265971 0.92333984375 0.3533246414602347 0.92822265625 0.32073011734028684 0.93701171875 0.3005215123859192 0.94775390625 0.28878748370273793 0.95849609375 0.2816166883963494 0.97119140625 0.2790091264667536 0.9736328125 0.2627118644067797 0.97998046875 0.2607561929595828