1 0.485595703125 0.4722946544980443 0.357421875 0.8050847457627118
0 0.13427734375 0.325619295958279 0.2685546875 0.409387222946545
0 0.23095703125 0.14765319426336376 0.29150390625 0.2953063885267275
3 0.5703125 0.30801825293350715 0.2802734375 0.40091264667535853
3 0.85009765625 0.14341590612777053 0.2998046875 0.28683181225554105
2 0.1484375 0.8976531942633638 0.1650390625 0.9080834419817471 0.17578125 0.9269882659713168 0.18212890625 0.9465449804432855 0.1826171875 0.9556714471968709 0.17431640625 0.9784876140808344 0.16943359375 0.999348109517601 0.14111328125 0.999348109517601 0.140625 0.9973924380704041 0.14013671875 0.999348109517601 0.115234375 0.999348109517601 0.11474609375 0.9973924380704041 0.107421875 0.9973924380704041 0.1064453125 0.999348109517601 0.05419921875 0.999348109517601 0.05908203125 0.9563233376792699 0.06689453125 0.939374185136897 0.08251953125 0.9165580182529335 0.10107421875 0.9054758800521513 0.13671875 0.8963494132985659 0.14794921875 0.8976531942633638
2 0.36572265625 0.6616688396349413 0.3759765625 0.6642764015645372 0.38916015625 0.6747066492829205 0.39501953125 0.6838331160365059 0.4033203125 0.7059973924380704 0.40380859375 0.7372881355932204 0.4013671875 0.7607561929595827 0.38818359375 0.7894393741851369 0.37744140625 0.7998696219035202 0.35009765625 0.7913950456323338 0.326171875 0.7913950456323338 0.3134765625 0.7940026075619296 0.3056640625 0.7868318122555411 0.30126953125 0.7770534550195567 0.30126953125 0.772490221642764 0.31298828125 0.7529335071707953 0.32373046875 0.7222946544980443 0.32568359375 0.7007822685788787 0.3232421875 0.6753585397653195 0.33447265625 0.6675358539765319 0.34912109375 0.6616688396349413 0.365234375 0.6616688396349413
2 0.04443359375 0.8813559322033898 0.0595703125 0.8865710560625815 0.0751953125 0.8956975228161669 0.10107421875 0.9041720990873533 0.08349609375 0.9152542372881356 0.0654296875 0.9413298565840938 0.0556640625 0.9647979139504563 0.0458984375 0.9582790091264668 0.03271484375 0.9387222946544981 0.0302734375 0.9308996088657105 0.0283203125 0.909387222946545 0.02978515625 0.8970013037809648 0.03271484375 0.8891786179921773 0.03955078125 0.8800521512385919 0.0439453125 0.8813559322033898
2 0.35400390625 0.7940026075619296 0.365234375 0.7966101694915254 0.376953125 0.803129074315515 0.390625 0.8259452411994785 0.39453125 0.8461538461538461 0.39208984375 0.8761408083441982 0.39453125 0.8976531942633638 0.390625 0.9041720990873533 0.3857421875 0.9054758800521513 0.38232421875 0.910039113428944 0.373046875 0.9315514993481095 0.35888671875 0.9426336375488917 0.3427734375 0.9491525423728814 0.32861328125 0.9471968709256845 0.31787109375 0.9419817470664928 0.30712890625 0.9335071707953064 0.2919921875 0.9152542372881356 0.28173828125 0.877444589308996 0.28173828125 0.8552803129074316 0.2861328125 0.8350717079530638 0.29345703125 0.8200782268578879 0.31103515625 0.7998696219035202 0.328125 0.7933507170795306 0.353515625 0.7940026075619296
2 0.27197265625 0.6297262059973925 0.28955078125 0.636897001303781 0.30419921875 0.6473272490221643 0.31494140625 0.6590612777053455 0.32080078125 0.6740547588005215 0.3212890625 0.6923076923076923 0.32421875 0.7040417209908736 0.3232421875 0.7151238591916558 0.31201171875 0.7516297262059974 0.30029296875 0.7685788787483703 0.27587890625 0.78748370273794 0.25048828125 0.7926988265971316 0.2451171875 0.7926988265971316 0.23095703125 0.7861799217731421 0.2138671875 0.772490221642764 0.2060546875 0.7620599739243807 0.19873046875 0.7483702737940026 0.19189453125 0.7262059973924381 0.1923828125 0.6870925684485006 0.19677734375 0.6720990873533247 0.20068359375 0.6681877444589309 0.205078125 0.6577574967405476 0.21826171875 0.6427640156453716 0.2470703125 0.6290743155149935 0.271484375 0.6297262059973925
2 0.12939453125 0.7464146023468058 0.14111328125 0.7516297262059974 0.15234375 0.7627118644067796 0.162109375 0.7855280312907431 0.16259765625 0.8063885267275098 0.158203125 0.8207301173402868 0.1552734375 0.8239895697522817 0.15478515625 0.8572359843546284 0.150390625 0.8722294654498044 0.1328125 0.8930899608865711 0.1083984375 0.8996088657105606 0.0771484375 0.8950456323337679 0.0439453125 0.878096479791395 0.03564453125 0.8670143415906127 0.03173828125 0.8578878748370273 0.029296875 0.8435462842242504 0.02978515625 0.8318122555410691 0.03515625 0.8148631029986962 0.04443359375 0.7966101694915254 0.05712890625 0.7790091264667536 0.07421875 0.7627118644067796 0.0849609375 0.7542372881355932 0.0986328125 0.7477183833116037 0.11376953125 0.7444589308996089 0.12890625 0.7464146023468058
2 0.271484375 0.8500651890482399 0.27734375 0.8657105606258149 0.27685546875 0.8956975228161669 0.27197265625 0.9146023468057366 0.25146484375 0.9191655801825294 0.234375 0.9191655801825294 0.20458984375 0.9335071707953064 0.189453125 0.9445893089960886 0.18603515625 0.9445893089960886 0.18212890625 0.939374185136897 0.17724609375 0.924380704041721 0.1650390625 0.9009126466753585 0.1640625 0.8970013037809648 0.16748046875 0.8833116036505867 0.1787109375 0.8891786179921773 0.1943359375 0.8924380704041721 0.2080078125 0.8930899608865711 0.228515625 0.8898305084745762 0.2490234375 0.8761408083441982 0.2626953125 0.8611473272490222 0.26904296875 0.8494132985658409 0.27099609375 0.8500651890482399
2 0.29345703125 0.9178617992177314 0.3134765625 0.940026075619296 0.33740234375 0.9504563233376793 0.357421875 0.9439374185136897 0.37353515625 0.9315514993481095 0.37646484375 0.9452411994784876 0.3720703125 0.9661016949152542 0.36328125 0.9856584093872229 0.34912109375 0.999348109517601 0.30712890625 0.999348109517601 0.3056640625 0.9713168187744459 0.30224609375 0.9576271186440678 0.2919921875 0.9361147327249022 0.27783203125 0.9185136897001304 0.279296875 0.9080834419817471 0.28515625 0.9009126466753585 0.2900390625 0.9080834419817471 0.29296875 0.9178617992177314
2 0.14404296875 0.6147327249022164 0.16259765625 0.6232073011734028 0.17822265625 0.636245110821382 0.18994140625 0.6531942633637549 0.1943359375 0.6681877444589309 0.18994140625 0.6903520208604954 0.18701171875 0.7333767926988266 0.1787109375 0.7509778357235984 0.15869140625 0.7653194263363755 0.14599609375 0.7529335071707953 0.12451171875 0.742503259452412 0.09765625 0.7457627118644068 0.07666015625 0.7548891786179922 0.064453125 0.741199478487614 0.06005859375 0.7307692307692307 0.06005859375 0.7170795306388527 0.0625 0.7046936114732725 0.080078125 0.6642764015645372 0.08837890625 0.6303780964797914 0.0986328125 0.621903520208605 0.11328125 0.6160365058670143 0.1435546875 0.6147327249022164
2 0.03466796875 0.7477183833116037 0.03955078125 0.7516297262059974 0.04541015625 0.7620599739243807 0.05224609375 0.7835723598435462 0.03466796875 0.8148631029986962 0.029296875 0.8305084745762712 0.02880859375 0.8494132985658409 0.033203125 0.8722294654498044 0.03076171875 0.8865710560625815 0.0283203125 0.8904823989569752 0.0263671875 0.9119947848761408 0.01904296875 0.9217731421121251 0.00244140625 0.9289439374185137 0 0.9289439374185137 0 0.7483702737940026 0.02392578125 0.7457627118644068 0.0341796875 0.7477183833116037
2 0.197265625 0.7496740547588006 0.2021484375 0.7542372881355932 0.20947265625 0.7698826597131682 0.2294921875 0.7868318122555411 0.2421875 0.7933507170795306 0.2607421875 0.7926988265971316 0.26611328125 0.7959582790091264 0.2724609375 0.8057366362451108 0.27392578125 0.8142112125162972 0.2705078125 0.8435462842242504 0.26025390625 0.863102998696219 0.23828125 0.8846153846153846 0.21435546875 0.8917861799217731 0.18798828125 0.8911342894393742 0.1708984375 0.8839634941329857 0.1630859375 0.8748370273794003 0.15673828125 0.8513689700130378 0.15673828125 0.833767926988266 0.1630859375 0.8142112125162972 0.16796875 0.7809647979139505 0.1787109375 0.7620599739243807 0.189453125 0.7516297262059974 0.19677734375 0.7496740547588006
2 0 0.5632333767926988 0.02685546875 0.5619295958279009 0.04052734375 0.5638852672750978 0.064453125 0.575619295958279 0.0791015625 0.5938722294654498 0.0849609375 0.6264667535853976 0.0830078125 0.6479791395045632 0.07861328125 0.6623207301173403 0.05615234375 0.7086049543676662 0.04150390625 0.7222946544980443 0.0234375 0.7340286831812256 0.01025390625 0.7392438070404173 0 0.7372881355932204 0 0.5638852672750978
2 0.275390625 0.9198174706649282 0.2900390625 0.9348109517601043 0.3017578125 0.9595827900912647 0.30517578125 0.9758800521512386 0.3046875 0.999348109517601 0.267578125 0.999348109517601 0.26611328125 0.9967405475880052 0.173828125 0.999348109517601 0.17333984375 0.9915254237288136 0.1845703125 0.954367666232073 0.19873046875 0.9387222946544981 0.23583984375 0.9204693611473272 0.27490234375 0.9198174706649282