3 0.3856434911242604 0.4540790857589574 0.2781878698224852 0.3639452874875601
3 0.602810650887574 0.7357278672252097 0.28106508875739644 0.39729903900799507
3 0.649169921875 0.14113428943937417 0.27294921875 0.28226857887874834
2 0.13525390625 0.758148631029987 0.1474609375 0.7620599739243807 0.15869140625 0.7757496740547588 0.16552734375 0.7933507170795306 0.16357421875 0.8148631029986962 0.15771484375 0.8383311603650587 0.1416015625 0.8722294654498044 0.13134765625 0.8833116036505867 0.10986328125 0.89374185136897 0.08837890625 0.8904823989569752 0.07861328125 0.8833116036505867 0.06787109375 0.8696219035202086 0.0595703125 0.8435462842242504 0.05859375 0.8194263363754889 0.06005859375 0.8096479791395046 0.064453125 0.7940026075619296 0.07421875 0.7809647979139505 0.09912109375 0.7679269882659713 0.11962890625 0.7627118644067796 0.12744140625 0.758148631029987 0.134765625 0.758148631029987
2 0.220703125 0.23859191655801826 0.23046875 0.24119947848761408 0.24072265625 0.24837027379400262 0.24853515625 0.2588005215123859 0.24853515625 0.2620599739243807 0.22216796875 0.31877444589308995 0.20361328125 0.3644067796610169 0.19677734375 0.3728813559322034 0.1787109375 0.35984354628422427 0.16845703125 0.3435462842242503 0.16357421875 0.3226857887874837 0.16455078125 0.29726205997392435 0.171875 0.27509778357235987 0.1875 0.2516297262059974 0.19677734375 0.2438070404172099 0.22021484375 0.23859191655801826
2 0.84814453125 0.2046936114732725 0.86669921875 0.21251629726205998 0.88037109375 0.22946544980443284 0.88623046875 0.24902216427640156 0.88427734375 0.2692307692307692 0.88818359375 0.2907431551499348 0.88623046875 0.29465449804432853 0.8759765625 0.29986962190352023 0.8701171875 0.3239895697522816 0.865234375 0.33116036505867014 0.8505859375 0.3428943937418514 0.84423828125 0.34485006518904826 0.8193359375 0.3435462842242503 0.8017578125 0.33572359843546284 0.7900390625 0.3200782268578879 0.7685546875 0.30378096479791394 0.76220703125 0.2848761408083442 0.7607421875 0.2692307692307692 0.7626953125 0.25488917861799215 0.7685546875 0.24185136897001303 0.7861328125 0.2242503259452412 0.81494140625 0.20860495436766624 0.82958984375 0.2046936114732725 0.84765625 0.2046936114732725
2 0.458984375 0.181877444589309 0.482421875 0.18578878748370273 0.49853515625 0.19556714471968709 0.5087890625 0.20860495436766624 0.515625 0.2255541069100391 0.52099609375 0.24902216427640156 0.521484375 0.2588005215123859 0.51904296875 0.26792698826597133 0.494140625 0.2516297262059974 0.4267578125 0.19947848761408082 0.4267578125 0.19361147327249023 0.435546875 0.18578878748370273 0.44384765625 0.18252933507170796 0.45849609375 0.181877444589309
2 0.22216796875 0.024771838331160364 0.23876953125 0.026727509778357236 0.2509765625 0.03259452411994785 0.2724609375 0.048239895697522815 0.28662109375 0.06844850065189048 0.2978515625 0.10495436766623208 0.296875 0.12255541069100391 0.29345703125 0.13428943937418514 0.28857421875 0.14471968709256844 0.27587890625 0.16036505867014342 0.26171875 0.1694915254237288 0.23876953125 0.1760104302477184 0.2236328125 0.17535853976531943 0.2158203125 0.16492829204693613 0.19970703125 0.15840938722294653 0.1884765625 0.13820078226857888 0.1806640625 0.11473272490221642 0.17138671875 0.10625814863102999 0.1630859375 0.10234680573663625 0.15966796875 0.09647979139504563 0.1611328125 0.09126466753585398 0.1767578125 0.08670143415906127 0.18212890625 0.051499348109517604 0.18896484375 0.038461538461538464 0.201171875 0.028683181225554105 0.2216796875 0.024771838331160364
2 0.3603515625 0.1877444589308996 0.38037109375 0.19556714471968709 0.38818359375 0.2033898305084746 0.388671875 0.2105606258148631 0.38330078125 0.21707953063885269 0.3876953125 0.22685788787483702 0.38525390625 0.2542372881355932 0.37548828125 0.27249022164276404 0.349609375 0.2848761408083442 0.3251953125 0.30182529335071706 0.3203125 0.30182529335071706 0.3076171875 0.2940026075619296 0.2958984375 0.2770534550195567 0.2880859375 0.27183833116036504 0.2880859375 0.25945241199478486 0.29052734375 0.2542372881355932 0.28564453125 0.2522816166883963 0.28515625 0.2405475880052151 0.29345703125 0.22294654498044328 0.302734375 0.21707953063885269 0.3115234375 0.20078226857887874 0.32275390625 0.19361147327249023 0.33740234375 0.18839634941329855 0.35986328125 0.1877444589308996
2 0.1533203125 0.11799217731421122 0.16552734375 0.121251629726206 0.17919921875 0.1303780964797914 0.19091796875 0.1453715775749674 0.19873046875 0.16101694915254236 0.21630859375 0.16753585397653195 0.22216796875 0.18122555410691005 0.220703125 0.196870925684485 0.20703125 0.21251629726205998 0.205078125 0.22816166883963493 0.201171875 0.2379400260756193 0.1904296875 0.24641460234680573 0.17578125 0.2633637548891786 0.16064453125 0.26792698826597133 0.13671875 0.2620599739243807 0.1201171875 0.24771838331160365 0.0986328125 0.21707953063885269 0.09228515625 0.19035202086049544 0.0947265625 0.16036505867014342 0.10595703125 0.1395045632333768 0.11962890625 0.12646675358539766 0.130859375 0.12059973924380704 0.15283203125 0.11799217731421122
2 0.0703125 0.636245110821382 0.08251953125 0.6395045632333768 0.10595703125 0.651890482398957 0.12109375 0.6642764015645372 0.13232421875 0.6831812255541069 0.134765625 0.7040417209908736 0.1337890625 0.7170795306388527 0.13037109375 0.7268578878748371 0.11962890625 0.7431551499348109 0.0966796875 0.7659713168187744 0.08544921875 0.7737940026075619 0.072265625 0.7783572359843546 0.0576171875 0.7770534550195567 0.04248046875 0.7653194263363755 0.03271484375 0.7529335071707953 0.0224609375 0.7203389830508474 0.02001953125 0.7040417209908736 0.02197265625 0.6727509778357236 0.029296875 0.6544980443285529 0.03662109375 0.6460234680573663 0.05029296875 0.636897001303781 0.05859375 0.6349413298565841 0.06982421875 0.636245110821382
2 0.93310546875 0.288135593220339 0.95166015625 0.29335071707953064 0.96728515625 0.31421121251629724 0.9736328125 0.33702737940026073 0.97412109375 0.3617992177314211 0.9677734375 0.3878748370273794 0.96044921875 0.40352020860495436 0.9501953125 0.4172099087353325 0.9345703125 0.4302477183833116 0.91455078125 0.4367666232073012 0.89599609375 0.43285528031290743 0.8662109375 0.41003911342894395 0.85595703125 0.3917861799217731 0.8525390625 0.3741851368970013 0.8525390625 0.36310299869621904 0.85888671875 0.3428943937418514 0.87109375 0.32920469361147325 0.875 0.31681877444589307 0.880859375 0.3089960886571056 0.9072265625 0.29335071707953064 0.9326171875 0.288135593220339
2 0.41845703125 0.22033898305084745 0.466796875 0.25488917861799215 0.47021484375 0.2620599739243807 0.484375 0.2692307692307692 0.49267578125 0.2796610169491525 0.49462890625 0.28292046936114734 0.49267578125 0.28748370273794005 0.48779296875 0.28748370273794005 0.482421875 0.2835723598435463 0.478515625 0.28552803129074317 0.4814453125 0.2920469361147327 0.4912109375 0.29986962190352023 0.4921875 0.30834419817470665 0.4892578125 0.31421121251629724 0.451171875 0.2848761408083442 0.421875 0.273142112125163 0.404296875 0.26988265971316816 0.4013671875 0.2529335071707953 0.40380859375 0.23663624511082137 0.40771484375 0.2320730117340287 0.408203125 0.22164276401564537 0.41162109375 0.21903520208604954 0.41796875 0.22033898305084745
2 0.20947265625 0.605606258148631 0.234375 0.6127770534550195 0.24462890625 0.6199478487614081 0.2587890625 0.6329856584093873 0.26904296875 0.651238591916558 0.271484375 0.681877444589309 0.265625 0.7020860495436767 0.2626953125 0.7066492829204694 0.25732421875 0.7079530638852672 0.2333984375 0.6949152542372882 0.232421875 0.6962190352020861 0.23828125 0.7040417209908736 0.23779296875 0.7086049543676662 0.22314453125 0.7033898305084746 0.2099609375 0.6929595827900913 0.19970703125 0.6838331160365059 0.19580078125 0.6753585397653195 0.18896484375 0.6753585397653195 0.17919921875 0.6701434159061278 0.1591796875 0.6479791395045632 0.1533203125 0.6375488917861799 0.154296875 0.6264667535853976 0.17578125 0.6095176010430248 0.18701171875 0.605606258148631 0.208984375 0.605606258148631
2 0.2236328125 0.2392438070404172 0.23046875 0.24119947848761408 0.2412109375 0.24902216427640156 0.24853515625 0.2588005215123859 0.24853515625 0.2620599739243807 0.21875 0.3259452411994785 0.20361328125 0.363754889178618 0.19677734375 0.3728813559322034 0.1787109375 0.35984354628422427 0.16796875 0.34224250325945244 0.16357421875 0.3226857887874837 0.16455078125 0.29791395045632335 0.17138671875 0.2757496740547588 0.1875 0.2516297262059974 0.19873046875 0.24315514993481094 0.21533203125 0.23859191655801826 0.22314453125 0.2392438070404172
2 0 0.41003911342894395 0.0302734375 0.41134289439374183 0.046875 0.41916558018252936 0.0537109375 0.42503259452411996 0.064453125 0.4406779661016949 0.06884765625 0.4602346805736636 0.068359375 0.4830508474576271 0.06591796875 0.4973924380704042 0.06103515625 0.5104302477183833 0.05126953125 0.5260756192959583 0.0380859375 0.5358539765319427 0.0263671875 0.5404172099087353 0 0.5371577574967406 0 0.4106910039113429
2 0.7568359375 0.3050847457627119 0.77294921875 0.31029986962190353 0.7890625 0.32073011734028684 0.80419921875 0.34224250325945244 0.80908203125 0.36571056062581486 0.80859375 0.38070404172099087 0.80322265625 0.4041720990873533 0.79345703125 0.4276401564537158 0.7763671875 0.4452411994784876 0.75732421875 0.45371577574967403 0.73828125 0.4498044328552803 0.70703125 0.4217731421121252 0.69921875 0.4002607561929596 0.6953125 0.37809647979139505 0.69580078125 0.3644067796610169 0.69970703125 0.3468057366362451 0.71337890625 0.3213820078226858 0.73388671875 0.3070404172099087 0.75634765625 0.3050847457627119
2 0.88232421875 0 0.9560546875 0 0.94287109375 0.012385919165580182 0.92822265625 0.016297262059973925 0.91259765625 0.01564537157757497 0.90234375 0.012385919165580182 0.88671875 0.005215123859191656 0.88232421875 0.000651890482398957
2 0.93603515625 0.08670143415906127 0.94873046875 0.09191655801825294 0.9609375 0.10299869621903521 0.96484375 0.11603650586701435 0.96923828125 0.14797913950456323 0.96435546875 0.15514993481095177 0.9609375 0.16558018252933507 0.95556640625 0.19426336375488917 0.94287109375 0.2183833116036506 0.93798828125 0.2242503259452412 0.92578125 0.2320730117340287 0.90771484375 0.23859191655801826 0.88671875 0.23859191655801826 0.87841796875 0.22359843546284225 0.8671875 0.21121251629726207 0.8486328125 0.20273794002607562 0.84423828125 0.19035202086049544 0.84423828125 0.1773142112125163 0.84814453125 0.15971316818774445 0.859375 0.13689700130378096 0.89013671875 0.10104302477183832 0.91455078125 0.0880052151238592 0.935546875 0.08670143415906127