1 0.514404296875 0.4722946544980443 0.357421875 0.8050847457627118
0 0.86572265625 0.325619295958279 0.2685546875 0.409387222946545
0 0.76904296875 0.14765319426336376 0.29150390625 0.2953063885267275
3 0.4296875 0.30801825293350715 0.2802734375 0.40091264667535853
3 0.14990234375 0.14341590612777053 0.2998046875 0.28683181225554105
2 0.8701171875 0.8989569752281616 0.90087890625 0.9067796610169492 0.91748046875 0.9172099087353325 0.93310546875 0.940026075619296 0.94091796875 0.9569752281616688 0.94580078125 0.999348109517601 0.83056640625 0.999348109517601 0.8173828125 0.9563233376792699 0.81787109375 0.9471968709256845 0.82421875 0.9276401564537158 0.8349609375 0.9087353324641461 0.84228515625 0.9028683181225554 0.85595703125 0.8970013037809648 0.86962890625 0.8989569752281616
2 0.65283203125 0.6629726205997393 0.6767578125 0.6760104302477183 0.67431640625 0.7014341590612777 0.67626953125 0.7229465449804433 0.68701171875 0.7535853976531942 0.69873046875 0.7731421121251629 0.69873046875 0.7777053455019557 0.6943359375 0.78748370273794 0.6865234375 0.7946544980443285 0.673828125 0.7920469361147328 0.64990234375 0.7920469361147328 0.6240234375 0.8005215123859192 0.61181640625 0.7900912646675359 0.5986328125 0.7614080834419817 0.59619140625 0.7379400260756193 0.59716796875 0.7040417209908736 0.60498046875 0.6844850065189049 0.615234375 0.6707953063885267 0.6298828125 0.6629726205997393 0.65234375 0.6629726205997393
2 0.966796875 0.8891786179921773 0.9716796875 0.9080834419817471 0.96923828125 0.9341590612777053 0.96044921875 0.9504563233376793 0.94677734375 0.9654498044328553 0.94287109375 0.9641460234680573 0.9345703125 0.9419817470664928 0.91650390625 0.9159061277705346 0.89892578125 0.9048239895697523 0.9248046875 0.8963494132985659 0.9404296875 0.8872229465449805 0.958984375 0.8807040417209909 0.96630859375 0.8891786179921773
2 0.6787109375 0.7959582790091264 0.68896484375 0.8005215123859192 0.70654296875 0.8207301173402868 0.716796875 0.8461538461538461 0.71875 0.8741851368970013 0.7080078125 0.9159061277705346 0.68603515625 0.940026075619296 0.66455078125 0.9498044328552803 0.64892578125 0.9471968709256845 0.626953125 0.9322033898305084 0.61767578125 0.9106910039113429 0.60595703125 0.9002607561929595 0.60791015625 0.878096479791395 0.60546875 0.8604954367666232 0.60595703125 0.8402868318122555 0.61279296875 0.81877444589309 0.623046875 0.8037809647979139 0.634765625 0.7972620599739244 0.64599609375 0.7946544980443285 0.671875 0.7940026075619296 0.67822265625 0.7959582790091264
2 0.75 0.6290743155149935 0.77099609375 0.636897001303781 0.7900390625 0.651238591916558 0.80322265625 0.6727509778357236 0.80859375 0.6975228161668839 0.80810546875 0.7268578878748371 0.80126953125 0.7490221642764016 0.7939453125 0.7627118644067796 0.77685546875 0.7809647979139505 0.7548828125 0.7933507170795306 0.728515625 0.7900912646675359 0.69970703125 0.7692307692307693 0.685546875 0.7464146023468058 0.67822265625 0.7249022164276402 0.67578125 0.7079530638852672 0.6787109375 0.6929595827900913 0.67919921875 0.6747066492829205 0.68896484375 0.6544980443285529 0.7138671875 0.635593220338983 0.72802734375 0.6303780964797914 0.74951171875 0.6290743155149935
2 0.88623046875 0.7451108213820078 0.9033203125 0.7490221642764016 0.9150390625 0.7548891786179922 0.94287109375 0.7796610169491526 0.9580078125 0.8011734028683182 0.96875 0.8259452411994785 0.970703125 0.8376792698826597 0.96826171875 0.8585397653194263 0.96435546875 0.8676662320730117 0.9560546875 0.878748370273794 0.9248046875 0.8950456323337679 0.89794921875 0.9002607561929595 0.8671875 0.89374185136897 0.849609375 0.8728813559322034 0.84521484375 0.8578878748370273 0.8447265625 0.8246414602346805 0.841796875 0.8213820078226858 0.83740234375 0.8070404172099087 0.837890625 0.7861799217731421 0.84423828125 0.7698826597131682 0.85107421875 0.758800521512386 0.8662109375 0.7483702737940026 0.8857421875 0.7451108213820078
2 0.73779296875 0.8617992177314211 0.75390625 0.8794002607561929 0.77392578125 0.8911342894393742 0.7919921875 0.89374185136897 0.8115234375 0.8924380704041721 0.83251953125 0.8839634941329857 0.8359375 0.8976531942633638 0.8349609375 0.9015645371577575 0.81396484375 0.9452411994784876 0.810546875 0.9452411994784876 0.79541015625 0.9341590612777053 0.765625 0.9198174706649282 0.74853515625 0.9198174706649282 0.72802734375 0.9152542372881356 0.72314453125 0.8963494132985659 0.72314453125 0.8624511082138201 0.7265625 0.8526727509778357 0.73046875 0.8500651890482399 0.7373046875 0.8617992177314211
2 0.71337890625 0.9015645371577575 0.71630859375 0.9022164276401564 0.720703125 0.9087353324641461 0.72216796875 0.9191655801825294 0.712890625 0.9289439374185137 0.69775390625 0.9582790091264668 0.6943359375 0.9719687092568449 0.69287109375 0.999348109517601 0.65087890625 0.999348109517601 0.64501953125 0.9960886571056062 0.63330078125 0.9797913950456323 0.6279296875 0.9667535853976532 0.62353515625 0.9458930899608866 0.62646484375 0.9322033898305084 0.642578125 0.9445893089960886 0.65673828125 0.9504563233376793 0.666015625 0.9504563233376793 0.6806640625 0.9445893089960886 0.693359375 0.9348109517601043 0.705078125 0.9211212516297262 0.708984375 0.9159061277705346 0.71337890625 0.9022164276401564
2 0.87890625 0.6153846153846154 0.9013671875 0.622555410691004 0.9130859375 0.6336375488917861 0.919921875 0.6649282920469362 0.9375 0.7053455019556715 0.93994140625 0.7177314211212517 0.93994140625 0.7314211212516297 0.935546875 0.741851368970013 0.92333984375 0.7555410691003911 0.90234375 0.7464146023468058 0.87548828125 0.7431551499348109 0.85400390625 0.7535853976531942 0.84228515625 0.7659713168187744 0.8212890625 0.7516297262059974 0.81298828125 0.7340286831812256 0.81005859375 0.6910039113428944 0.8056640625 0.6734028683181226 0.80615234375 0.6649282920469362 0.8154296875 0.6447196870925684 0.83154296875 0.6277705345501956 0.85302734375 0.6160365058670143 0.87841796875 0.6153846153846154
2 0.97607421875 0.7464146023468058 0.99951171875 0.7490221642764016 0.99951171875 0.9295958279009127 0.98095703125 0.9224250325945241 0.9736328125 0.9126466753585397 0.9716796875 0.8911342894393742 0.96923828125 0.8872229465449805 0.966796875 0.8728813559322034 0.97119140625 0.8500651890482399 0.970703125 0.8311603650586702 0.96533203125 0.8155149934810951 0.94775390625 0.7842242503259452 0.958984375 0.7542372881355932 0.96533203125 0.7483702737940026 0.9755859375 0.7464146023468058
2 0.8056640625 0.7503259452411994 0.8212890625 0.7627118644067796 0.8291015625 0.7744458930899609 0.83447265625 0.7913950456323338 0.8369140625 0.8148631029986962 0.8427734375 0.8318122555410691 0.84375 0.8422425032594524 0.8427734375 0.8552803129074316 0.8369140625 0.8754889178617992 0.8271484375 0.8859191655801826 0.80615234375 0.8924380704041721 0.77587890625 0.8911342894393742 0.76171875 0.8852672750977836 0.7529296875 0.878096479791395 0.736328125 0.8591916558018253 0.7294921875 0.8441981747066493 0.72607421875 0.8207301173402868 0.72705078125 0.8076923076923077 0.73388671875 0.7966101694915254 0.7392578125 0.7933507170795306 0.75390625 0.7946544980443285 0.7666015625 0.7900912646675359 0.787109375 0.7744458930899609 0.79296875 0.7672750977835724 0.7978515625 0.7548891786179922 0.80517578125 0.7503259452411994
2 0.98681640625 0.5625814863102999 0.99951171875 0.5638852672750978 0.99951171875 0.7379400260756193 0.99462890625 0.7398956975228161 0.9765625 0.7346805736636245 0.95849609375 0.7229465449804433 0.94287109375 0.7079530638852672 0.92138671875 0.6629726205997393 0.9169921875 0.6486310299869622 0.9150390625 0.6284224250325945 0.919921875 0.5971316818774446 0.93310546875 0.5782268578878749 0.95703125 0.5651890482398957 0.986328125 0.5625814863102999
2 0.74853515625 0.9204693611473272 0.76611328125 0.9217731421121251 0.79638671875 0.9361147327249022 0.81005859375 0.9471968709256845 0.8154296875 0.9550195567144719 0.82177734375 0.9739243807040417 0.82666015625 0.9921773142112125 0.826171875 0.999348109517601 0.77197265625 0.999348109517601 0.76513671875 0.9973924380704041 0.6953125 0.999348109517601 0.69580078125 0.9687092568448501 0.7021484375 0.9498044328552803 0.7099609375 0.9354628422425033 0.724609375 0.9204693611473272 0.748046875 0.9204693611473272