3 0.465576171875 0.3474576271186441 0.2724609375 0.37157757496740546
3 0.676513671875 0.6372229465449805 0.29736328125 0.3754889178617992
3 0.231201171875 0.6991525423728814 0.21142578125 0.3644067796610169
2 0.6943359375 0 0.7900390625 0 0.783203125 0.016297262059973925 0.771484375 0.02998696219035202 0.74658203125 0.04758800521512386 0.72265625 0.05410691003911343 0.7109375 0.04889178617992177 0.6982421875 0.03455019556714472 0.693359375 0.013689700130378096 0.6943359375 0.000651890482398957
2 0.37451171875 0.05410691003911343 0.3876953125 0.06192959582790091 0.39501953125 0.07170795306388526 0.40478515625 0.09452411994784876 0.4033203125 0.09973924380704041 0.32177734375 0.16492829204693613 0.3193359375 0.16492829204693613 0.3115234375 0.1544980443285528 0.30615234375 0.1408083441981747 0.30419921875 0.12777053455019557 0.30615234375 0.10625814863102999 0.31103515625 0.08865710560625815 0.3232421875 0.0710560625814863 0.33740234375 0.058018252933507174 0.34814453125 0.052803129074315516 0.35791015625 0.051499348109517604 0.3740234375 0.05410691003911343
2 0.33447265625 0.8494132985658409 0.353515625 0.8598435462842242 0.365234375 0.8878748370273793 0.376953125 0.9035202086049544 0.38232421875 0.923728813559322 0.3837890625 0.940026075619296 0.38232421875 0.9687092568448501 0.37353515625 0.9882659713168188 0.3681640625 0.9947848761408083 0.359375 0.999348109517601 0.2900390625 0.999348109517601 0.2822265625 0.984354628422425 0.279296875 0.9687092568448501 0.27880859375 0.940677966101695 0.2822265625 0.9185136897001304 0.2978515625 0.8728813559322034 0.306640625 0.8591916558018253 0.31640625 0.8513689700130378 0.333984375 0.8494132985658409
2 0.27392578125 0.40221642764015647 0.28076171875 0.41395045632333766 0.32568359375 0.5215123859191656 0.32568359375 0.5267275097783573 0.3193359375 0.529335071707953 0.30419921875 0.5260756192959583 0.28564453125 0.516297262059974 0.2734375 0.5013037809647979 0.26953125 0.49282920469361147 0.26318359375 0.46870925684485004 0.26171875 0.43285528031290743 0.2646484375 0.41460234680573665 0.26904296875 0.4048239895697523 0.2734375 0.40221642764015647
2 0.19775390625 0.046284224250325946 0.2021484375 0.05084745762711865 0.205078125 0.06192959582790091 0.21142578125 0.07431551499348109 0.22900390625 0.0847457627118644 0.244140625 0.09973924380704041 0.2490234375 0.121251629726206 0.25732421875 0.13363754889178617 0.25537109375 0.16753585397653195 0.24658203125 0.19947848761408082 0.23193359375 0.22033898305084745 0.22216796875 0.227509778357236 0.20947265625 0.23076923076923078 0.1904296875 0.22490221642764016 0.171875 0.21121251629726207 0.16064453125 0.19491525423728814 0.1455078125 0.15189048239895697 0.14404296875 0.11799217731421122 0.1494140625 0.09452411994784876 0.15625 0.08279009126466753 0.1640625 0.07627118644067797 0.1904296875 0.06910039113428944 0.19384765625 0.048239895697522815 0.197265625 0.046284224250325946
2 0.3134765625 0.2138200782268579 0.31591796875 0.22099087353324642 0.31982421875 0.21773142112125163 0.32958984375 0.2183833116036506 0.3330078125 0.22816166883963493 0.345703125 0.2438070404172099 0.3505859375 0.25684485006518903 0.3515625 0.26727509778357234 0.3388671875 0.29986962190352023 0.328125 0.33702737940026073 0.31298828125 0.34876140808344197 0.29541015625 0.35071707953063885 0.2880859375 0.34485006518904826 0.283203125 0.3520208604954368 0.27783203125 0.3513689700130378 0.27490234375 0.3474576271186441 0.26708984375 0.3220338983050847 0.265625 0.3050847457627119 0.2666015625 0.2835723598435463 0.27001953125 0.26597131681877445 0.27587890625 0.24902216427640156 0.2880859375 0.23728813559322035 0.29248046875 0.22490221642764016 0.3056640625 0.2138200782268579 0.31298828125 0.2138200782268579
2 0.21826171875 0 0.314453125 0 0.32177734375 0.01564537157757497 0.326171875 0.04106910039113429 0.3232421875 0.06649282920469361 0.31005859375 0.08735332464146023 0.3037109375 0.1016949152542373 0.29638671875 0.10691003911342895 0.28466796875 0.10951760104302477 0.27294921875 0.12777053455019557 0.2587890625 0.1290743155149935 0.2509765625 0.12190352020860495 0.24609375 0.0984354628422425 0.234375 0.0880052151238592 0.2255859375 0.07627118644067797 0.21630859375 0.05410691003911343 0.2138671875 0.020860495436766623 0.21826171875 0.000651890482398957
2 0.6279296875 0 0.67626953125 0 0.669921875 0.007170795306388526 0.658203125 0.01303780964797914 0.63720703125 0.009778357235984355 0.6279296875 0.000651890482398957
2 0.4150390625 0.9739243807040417 0.42431640625 0.9797913950456323 0.4326171875 0.9895697522816167 0.4375 0.999348109517601 0.3662109375 0.999348109517601 0.3720703125 0.9960886571056062 0.380859375 0.9817470664928292 0.38720703125 0.9758800521512386 0.3974609375 0.9713168187744459 0.41455078125 0.9739243807040417
2 0.32177734375 0.36962190352020863 0.328125 0.3741851368970013 0.330078125 0.3963494132985658 0.3388671875 0.43546284224250326 0.36083984375 0.48370273794002605 0.35888671875 0.48891786179921776 0.35205078125 0.49022164276401564 0.34765625 0.4863102998696219 0.34423828125 0.4758800521512386 0.33935546875 0.47196870925684486 0.337890625 0.4771838331160365 0.3408203125 0.48435462842242505 0.33984375 0.4934810951760104 0.3349609375 0.4908735332464146 0.3271484375 0.47979139504563234 0.32177734375 0.46088657105606257 0.31640625 0.45632333767926986 0.29296875 0.40091264667535853 0.2900390625 0.3891786179921773 0.28955078125 0.38265971316818775 0.29248046875 0.3774445893089961 0.29931640625 0.3774445893089961 0.3017578125 0.3728813559322034 0.30712890625 0.37027379400260757 0.3212890625 0.36962190352020863
2 0.60400390625 0.038461538461538464 0.61083984375 0.04563233376792699 0.62744140625 0.07235984354628422 0.63134765625 0.08539765319426336 0.63134765625 0.09452411994784876 0.6376953125 0.09973924380704041 0.64453125 0.11342894393741851 0.65234375 0.13102998696219034 0.65576171875 0.14602346805736635 0.65625 0.15058670143415906 0.654296875 0.15189048239895697 0.64697265625 0.14341590612777053 0.64599609375 0.14471968709256844 0.6552734375 0.1727509778357236 0.65478515625 0.18383311603650587 0.64453125 0.19230769230769232 0.63623046875 0.19556714471968709 0.62109375 0.19491525423728814 0.6083984375 0.18839634941329855 0.59716796875 0.17470664928292046 0.58447265625 0.14602346805736635 0.5791015625 0.11277705345501955 0.5791015625 0.08279009126466753 0.58203125 0.06779661016949153 0.591796875 0.043676662320730114 0.5966796875 0.03780964797913951 0.603515625 0.038461538461538464
2 0.3671875 0.051499348109517604 0.3876953125 0.06192959582790091 0.40087890625 0.08409387222946545 0.40478515625 0.09452411994784876 0.40380859375 0.0984354628422425 0.32177734375 0.16492829204693613 0.3193359375 0.16492829204693613 0.31201171875 0.15514993481095177 0.30615234375 0.1408083441981747 0.30419921875 0.12059973924380704 0.30859375 0.09452411994784876 0.31396484375 0.08344198174706649 0.33203125 0.06192959582790091 0.3486328125 0.052803129074315516 0.36669921875 0.051499348109517604
2 0.40869140625 0.7614080834419817 0.42529296875 0.7666232073011734 0.44140625 0.7770534550195567 0.46240234375 0.81877444589309 0.46533203125 0.8441981747066493 0.458984375 0.8696219035202086 0.44580078125 0.8924380704041721 0.4345703125 0.9022164276401564 0.408203125 0.9132985658409387 0.38623046875 0.909387222946545 0.37158203125 0.894393741851369 0.36572265625 0.8865710560625815 0.3603515625 0.8735332464146024 0.35400390625 0.8435462842242504 0.35546875 0.8129074315514994 0.3662109375 0.7855280312907431 0.38525390625 0.7672750977835724 0.3984375 0.7620599739243807 0.408203125 0.7614080834419817
2 0.26513671875 0.9595827900912647 0.27734375 0.9661016949152542 0.28125 0.984354628422425 0.28857421875 0.999348109517601 0.21435546875 0.999348109517601 0.22509765625 0.983702737940026 0.244140625 0.9661016949152542 0.2646484375 0.9595827900912647