3 0.534423828125 0.652542372881356 0.2724609375 0.37157757496740546
3 0.323486328125 0.36277705345501954 0.29736328125 0.3754889178617992
3 0.768798828125 0.3008474576271186 0.21142578125 0.3644067796610169
2 0.27978515625 0.9465449804432855 0.29296875 0.9556714471968709 0.30126953125 0.9661016949152542 0.3056640625 0.9830508474576272 0.3056640625 0.999348109517601 0.2099609375 0.999348109517601 0.21630859375 0.984354628422425 0.22802734375 0.970664928292047 0.2529296875 0.9530638852672751 0.279296875 0.9465449804432855
2 0.68701171875 0.8448500651890483 0.693359375 0.8598435462842242 0.6953125 0.8728813559322034 0.693359375 0.894393741851369 0.6884765625 0.9119947848761408 0.6806640625 0.924380704041721 0.66796875 0.9380704041720991 0.6513671875 0.9478487614080835 0.6416015625 0.9491525423728814 0.62744140625 0.9478487614080835 0.61181640625 0.9387222946544981 0.6044921875 0.9289439374185137 0.5966796875 0.9119947848761408 0.5947265625 0.9061277705345502 0.59619140625 0.9009126466753585 0.67626953125 0.8363754889178618 0.68017578125 0.8357235984354628 0.6865234375 0.8448500651890483
2 0.70849609375 0 0.71728515625 0.016297262059973925 0.720703125 0.035202086049543675 0.720703125 0.05997392438070404 0.71728515625 0.08213820078226858 0.70947265625 0.10886571056062581 0.69873046875 0.13363754889178617 0.68701171875 0.14667535853976532 0.67236328125 0.15189048239895697 0.66064453125 0.14993481095176012 0.646484375 0.14146023468057367 0.63427734375 0.11277705345501955 0.62255859375 0.09713168187744459 0.6162109375 0.06910039113428944 0.61669921875 0.03389830508474576 0.6259765625 0.012385919165580182 0.63134765625 0.005867014341590613 0.64013671875 0.001303780964797914 0.7080078125 0
2 0.68505859375 0.47131681877444587 0.7138671875 0.48435462842242505 0.72607421875 0.49934810951760106 0.72998046875 0.5078226857887875 0.736328125 0.5319426336375489 0.73779296875 0.5677966101694916 0.73486328125 0.5860495436766623 0.72705078125 0.5990873533246415 0.72314453125 0.5958279009126467 0.71875 0.5867014341590613 0.673828125 0.4791395045632334 0.673828125 0.47392438070404175 0.6845703125 0.47131681877444587
2 0.79736328125 0.7705345501955672 0.82275390625 0.7848761408083442 0.837890625 0.8037809647979139 0.849609375 0.8324641460234681 0.85400390625 0.848761408083442 0.85546875 0.8709256844850065 0.8525390625 0.8989569752281616 0.84521484375 0.9152542372881356 0.83544921875 0.924380704041721 0.80908203125 0.9315514993481095 0.80615234375 0.9504563233376793 0.8037109375 0.954367666232073 0.79833984375 0.9517601043024772 0.7880859375 0.9263363754889179 0.7705078125 0.9159061277705346 0.75537109375 0.9009126466753585 0.75048828125 0.8794002607561929 0.7421875 0.8670143415906127 0.744140625 0.833116036505867 0.74755859375 0.8161668839634941 0.75390625 0.7992177314211213 0.765625 0.7822685788787483 0.7734375 0.7757496740547588 0.7822265625 0.7711864406779662 0.796875 0.7705345501955672
2 0.7216796875 0.6492829204693612 0.7275390625 0.6597131681877445 0.7333984375 0.6864406779661016 0.73291015625 0.7170795306388527 0.7294921875 0.7346805736636245 0.7236328125 0.7516297262059974 0.71142578125 0.7633637548891786 0.70703125 0.7757496740547588 0.6923828125 0.78748370273794 0.68505859375 0.7861799217731421 0.68359375 0.7796610169491526 0.6796875 0.7829204693611473 0.67041015625 0.7829204693611473 0.66650390625 0.772490221642764 0.65380859375 0.7568448500651891 0.64892578125 0.7438070404172099 0.64794921875 0.7333767926988266 0.66064453125 0.7007822685788787 0.67138671875 0.6636245110821382 0.6865234375 0.651890482398957 0.7041015625 0.6499348109517601 0.71142578125 0.6558018252933507 0.71435546875 0.6499348109517601 0.72119140625 0.6492829204693612
2 0.73828125 0.8709256844850065 0.74853515625 0.878748370273794 0.75341796875 0.9022164276401564 0.76513671875 0.9126466753585397 0.77392578125 0.924380704041721 0.783203125 0.9465449804432855 0.78564453125 0.9797913950456323 0.78173828125 0.999348109517601 0.6845703125 0.999348109517601 0.67919921875 0.9895697522816167 0.67333984375 0.9595827900912647 0.67431640625 0.9419817470664928 0.6767578125 0.9328552803129074 0.68798828125 0.9159061277705346 0.69580078125 0.8989569752281616 0.703125 0.89374185136897 0.71484375 0.8911342894393742 0.7255859375 0.8735332464146024 0.73779296875 0.8709256844850065
2 0.36328125 0.9915254237288136 0.37060546875 0.999348109517601 0.32421875 0.999348109517601 0.32958984375 0.9934810951760105 0.34130859375 0.9876140808344198 0.36279296875 0.9915254237288136
2 0.56201171875 0 0.6357421875 0 0.62744140625 0.0045632333767926985 0.61572265625 0.02216427640156454 0.60205078125 0.029335071707953065 0.59375 0.029335071707953065 0.57861328125 0.02346805736636245 0.56689453125 0.01108213820078227 0.56201171875 0.000651890482398957
2 0.65966796875 0.5071707953063885 0.66455078125 0.5097783572359843 0.67236328125 0.5208604954367666 0.677734375 0.5397653194263363 0.68310546875 0.5443285528031291 0.70654296875 0.5997392438070405 0.7099609375 0.6173402868318123 0.7080078125 0.622555410691004 0.7001953125 0.6232073011734028 0.69775390625 0.6277705345501956 0.6923828125 0.6303780964797914 0.677734375 0.6310299869621904 0.671875 0.6277705345501956 0.66943359375 0.6043024771838331 0.66064453125 0.5651890482398957 0.638671875 0.5169491525423728 0.640625 0.5117340286831812 0.6474609375 0.5104302477183833 0.65185546875 0.5143415906127771 0.6552734375 0.5247718383311604 0.66015625 0.5286831812255541 0.66162109375 0.5234680573663625 0.65869140625 0.516297262059974 0.65966796875 0.5078226857887875
2 0.37841796875 0.8057366362451108 0.38623046875 0.8083441981747066 0.39990234375 0.8220338983050848 0.412109375 0.8468057366362451 0.41748046875 0.8670143415906127 0.4208984375 0.8956975228161669 0.42041015625 0.9178617992177314 0.41748046875 0.9328552803129074 0.41015625 0.9517601043024772 0.40283203125 0.9628422425032594 0.39453125 0.9615384615384616 0.375 0.9341590612777053 0.3681640625 0.9152542372881356 0.3681640625 0.9061277705345502 0.36181640625 0.9009126466753585 0.35498046875 0.8872229465449805 0.34716796875 0.8696219035202086 0.34375 0.8546284224250326 0.34326171875 0.8500651890482399 0.34521484375 0.848761408083442 0.3525390625 0.8572359843546284 0.353515625 0.8559322033898306 0.34423828125 0.8279009126466753 0.3447265625 0.8168187744458931 0.35498046875 0.8083441981747066 0.36328125 0.8050847457627118 0.3779296875 0.8057366362451108
2 0.6826171875 0.8383311603650587 0.69091796875 0.8526727509778357 0.6953125 0.8728813559322034 0.69091796875 0.9061277705345502 0.685546875 0.9172099087353325 0.66748046875 0.9387222946544981 0.65087890625 0.9478487614080835 0.64111328125 0.9491525423728814 0.6279296875 0.9478487614080835 0.61181640625 0.9387222946544981 0.6044921875 0.9289439374185137 0.5947265625 0.9048239895697523 0.6015625 0.8956975228161669 0.6298828125 0.8754889178617992 0.6748046875 0.8376792698826597 0.68017578125 0.8357235984354628 0.68212890625 0.8383311603650587
2 0.60009765625 0.08735332464146023 0.61767578125 0.0938722294654498 0.6337890625 0.11408083441981746 0.64404296875 0.14471968709256844 0.6455078125 0.17666232073011734 0.64208984375 0.19426336375488917 0.6298828125 0.2196870925684485 0.6142578125 0.2333767926988266 0.59765625 0.2392438070404172 0.57861328125 0.23598435462842243 0.55859375 0.2242503259452412 0.537109375 0.181877444589309 0.5341796875 0.15645371577574968 0.54052734375 0.13102998696219034 0.5537109375 0.10821382007822686 0.5712890625 0.09517601043024772 0.5888671875 0.0880052151238592 0.599609375 0.08735332464146023
2 0.71044921875 0 0.7861328125 0 0.767578125 0.024119947848761408 0.75341796875 0.03585397653194263 0.73828125 0.04106910039113429 0.7294921875 0.039765319426336376 0.72216796875 0.03455019556714472 0.71826171875 0.016297262059973925 0.7109375 0.000651890482398957