2 0.1796875 0.14178617992177314 0.10498046875 0.1544980443285528
2 0.61669921875 0.06910039113428944 0.0986328125 0.13820078226857888
2 0.2822265625 0.28226857887874834 0.1298828125 0.14602346805736635
2 0.16162109375 0.3011734028683181 0.072265625 0.14732724902216426
2 0.4931640625 0.3758148631029987 0.10595703125 0.13885267275097785
2 0.826171875 0.1769882659713168 0.0966796875 0.14928292046936115
2 0.21630859375 0.4410039113428944 0.1240234375 0.1271186440677966
2 0.203125 0.766297262059974 0.13720703125 0.1395045632333768
2 0.355224609375 0.5765971316818774 0.10888671875 0.15840938722294653
2 0.349853515625 0.8161668839634941 0.1298828125 0.15384615384615385
2 0.4599609375 0.5938722294654498 0.103515625 0.2685788787483703
2 0.572509765625 0.5257496740547588 0.111328125 0.14602346805736635
2 0.54833984375 0.9198174706649282 0.1103515625 0.14341590612777053
2 0.657958984375 0.8751629726205997 0.11474609375 0.1760104302477184
2 0.78125 0.711864406779661 0.14453125 0.1558018252933507