2 0.0647189349112426 0.16997477299553318 0.1294378698224852 0.16439551622782994
2 0.2317554240631164 0.07234271695609576 0.11587771203155817 0.1402977352270302
2 0.04643244575936885 0.39979406946812424 0.08547090729783038 0.16979702676222588
2 0.17299556213017753 0.6556729387017223 0.11176775147928995 0.13185478914493057
2 0.3369501972386588 0.2091908586181979 0.1093022682445759 0.17370744389498777
2 0.3511267258382643 0.0482153115830781 0.11053500986193299 0.09642733156924312
2 0.4070093688362919 0.49084951487518935 0.1039620315581854 0.14124242354108962
2 0.258056640625 0.9354628422425033 0.11181640625 0.1290743155149935
2 0.4557026627218934 0.12115709917735792 0.09533284023668637 0.1655113675813706
2 0.6993762327416174 0.10360301283979952 0.10437130177514797 0.1830687455158421
2 0.5574038461538462 0.30682620625454843 0.1187549309664695 0.14514954907693853
2 0.73676775147929 0.2994201132000751 0.11505670611439833 0.17312483124136918
2 0.5703476331360947 0.44641953974217546 0.20134861932938852 0.13796728461255583
2 0.5193959566074952 0.5967072716004619 0.1093022682445759 0.1488822199763931
2 0.8144304733727811 0.5646207848915701 0.10766025641025645 0.1472462963105828
2 0.7809418145956608 0.7107940206084826 0.13190335305719914 0.15322712790168405
2 0.6586957593688364 0.8753409502943152 0.116698717948718 0.19265716732370036