2 0.064697265625 0.8301825293350718 0.12939453125 0.16427640156453716
2 0.231689453125 0.9276401564537158 0.11572265625 0.14015645371577576
2 0.04638671875 0.6000651890482399 0.08544921875 0.1694915254237288
2 0.173095703125 0.34419817470664926 0.11181640625 0.1316818774445893
2 0.3369140625 0.7907431551499348 0.109375 0.17340286831812254
2 0.35107421875 0.9517601043024772 0.1103515625 0.09647979139504563
2 0.406982421875 0.5091264667535854 0.10400390625 0.14146023468057367
2 0.258056640625 0.06453715775749674 0.11181640625 0.1290743155149935
2 0.455810546875 0.878748370273794 0.09521484375 0.16558018252933507
2 0.699462890625 0.8963494132985659 0.1044921875 0.1831812255541069
2 0.557373046875 0.6932855280312907 0.11865234375 0.1453715775749674
2 0.73681640625 0.7004563233376793 0.115234375 0.17340286831812254
2 0.5703125 0.5534550195567145 0.201171875 0.13820078226857888
2 0.519287109375 0.4031942633637549 0.109375 0.14863102998696218
2 0.814453125 0.43546284224250326 0.107421875 0.14732724902216426
2 0.781005859375 0.28911342894393743 0.1318359375 0.15319426336375488
2 0.65869140625 0.12451108213820078 0.11669921875 0.19295958279009126