2 0.6513671875 0.9517601043024772 0.115234375 0.09647979139504563
2 0.8798828125 0.9224250325945241 0.125 0.15514993481095177
2 0.975341796875 0.8464797913950456 0.046875 0.17079530638852672
2 0.994140625 0.6450456323337679 0.01171875 0.13624511082138202
2 0.9052734375 0.6932855280312907 0.1103515625 0.14146023468057367
2 0.80712890625 0.7571707953063885 0.13427734375 0.1590612777053455
2 0.457275390625 0.9374185136897001 0.1806640625 0.12059973924380704
2 0.440673828125 0.8940677966101694 0.08544921875 0.12516297262059975
2 0.363037109375 0.7636897001303781 0.11767578125 0.13233376792698825
2 0.2568359375 0.9397001303780965 0.2041015625 0.12059973924380704
2 0.048828125 0.8836375488917861 0.09765625 0.17926988265971316
2 0.184814453125 0.438722294654498 0.119140625 0.16688396349413298
2 0.81884765625 0.3484354628422425 0.1083984375 0.1271186440677966
2 0.827392578125 0.17829204693611472 0.1259765625 0.15123859191655803
2 0.7392578125 0.06616688396349413 0.1201171875 0.13233376792698825
2 0.21826171875 0.2819426336375489 0.1337890625 0.15189048239895697