2 0.34866124260355036 0.0482153115830781 0.11546597633136091 0.09642733156924312
2 0.1201171875 0.07757496740547588 0.125 0.15514993481095177
2 0.02465483234714004 0.15352008002694992 0.04684418145956608 0.1709852932478547
2 0.005959072978303748 0.3550941833882362 0.01191568047337278 0.13635440212513725
2 0.0947164694280079 0.3065530037107612 0.11053500986193293 0.14130825547935172
2 0.1929240631163708 0.24292643538055234 0.13436883629191326 0.15888538299530175
2 0.5428180473372781 0.06247121781371105 0.1808012820512821 0.12055802853917387
2 0.5592529585798817 0.10607829371845018 0.08547090729783036 0.12547567432734416
2 0.6369156804733728 0.23634653315126689 0.11752218934911252 0.1325591908843338
2 0.743138560157791 0.060279014269586935 0.20422337278106517 0.12055802853917387
2 0.9511834319526628 0.11649290635149628 0.0976331360946745 0.17922745191825526
2 0.8152539447731756 0.5613291879784709 0.11916420118343196 0.16699587778917838
2 0.1812130177514793 0.6515584425603481 0.10848126232741617 0.12692068537219472
2 0.1725838264299803 0.8215924643003172 0.12573964497041418 0.15099213359768965
2 0.2607421875 0.9338331160365059 0.1201171875 0.13233376792698825
2 0.7817628205128205 0.718200113662956 0.13354783037475348 0.15157803784822133