1 0.6192061143984221 0.5204014719609945 0.5293392504930967 0.920330496902556
1 0.2278525641025641 0.2832254563876267 0.24860207100591722 0.5423103410145834
2 0.2666015625 0.7829204693611473 0.2861328125 0.7933507170795306 0.30029296875 0.8102998696219035 0.3056640625 0.8246414602346805 0.3076171875 0.8383311603650587 0.3056640625 0.864406779661017 0.302734375 0.8807040417209909 0.2861328125 0.9146023468057366 0.26904296875 0.9322033898305084 0.2578125 0.939374185136897 0.248046875 0.9419817470664928 0.2333984375 0.940677966101695 0.22021484375 0.9348109517601043 0.19921875 0.9113428943937418 0.19482421875 0.9015645371577575 0.19140625 0.8846153846153846 0.19189453125 0.8494132985658409 0.19970703125 0.8265971316818774 0.21484375 0.803129074315515 0.24462890625 0.7848761408083442 0.26611328125 0.7829204693611473
2 0.43115234375 0 0.5712890625 0 0.5712890625 0.005867014341590613 0.5419921875 0.06779661016949153 0.5224609375 0.1166883963494133 0.51904296875 0.11864406779661017 0.50830078125 0.10821382007822686 0.49951171875 0.09191655801825294 0.49755859375 0.07822685788787484 0.49853515625 0.05736636245110821 0.48486328125 0.05410691003911343 0.47705078125 0.048239895697522815 0.46923828125 0.03780964797913951 0.45703125 0.033246414602346806 0.443359375 0.01955671447196871 0.43212890625 0.005215123859191656 0.43115234375 0.000651890482398957
2 0.43115234375 0 0.5224609375 0 0.51904296875 0.01564537157757497 0.50634765625 0.04758800521512386 0.498046875 0.056714471968709254 0.48388671875 0.05410691003911343 0.47021484375 0.03911342894393742 0.45654296875 0.033246414602346806 0.4326171875 0.00651890482398957 0.43115234375 0.000651890482398957
2 0 0.04758800521512386 0.01904296875 0.04954367666232073 0.0302734375 0.056714471968709254 0.03662109375 0.06388526727509779 0.0546875 0.09517601043024772 0.06591796875 0.12972620599739243 0.068359375 0.14471968709256844 0.06396484375 0.1694915254237288 0.05078125 0.1877444589308996 0.02783203125 0.2001303780964798 0.01708984375 0.20273794002607562 0 0.20208604954367665 0 0.048239895697522815
2 0.0126953125 0.35071707953063885 0.0302734375 0.35919165580182527 0.046875 0.3774445893089961 0.0556640625 0.3970013037809648 0.0576171875 0.4217731421121252 0.0537109375 0.4380704041720991 0.0439453125 0.45371577574967403 0.025390625 0.4667535853976532 0.0068359375 0.4745762711864407 0 0.47392438070404175 0 0.3513689700130378 0.01220703125 0.35071707953063885
2 0.4296875 0 0.4755859375 0 0.47607421875 0.0045632333767926985 0.470703125 0.02607561929595828 0.47021484375 0.03650586701434159 0.4638671875 0.03780964797913951 0.4462890625 0.02346805736636245 0.4306640625 0.005215123859191656 0.4296875 0.000651890482398957
2 0.2841796875 0.1440677966101695 0.310546875 0.15971316818774445 0.31494140625 0.16623207301173404 0.3212890625 0.17014341590612778 0.32568359375 0.17926988265971316 0.33154296875 0.18252933507170796 0.34033203125 0.19556714471968709 0.34814453125 0.2138200782268579 0.3515625 0.22946544980443284 0.35009765625 0.24511082138200782 0.34375 0.2627118644067797 0.33447265625 0.27640156453715775 0.33056640625 0.2953063885267275 0.328125 0.29726205997392435 0.31640625 0.2966101694915254 0.3037109375 0.3050847457627119 0.29150390625 0.30834419817470665 0.2841796875 0.3076923076923077 0.2724609375 0.3005215123859192 0.26513671875 0.29335071707953064 0.25830078125 0.28096479791395046 0.24462890625 0.242503259452412 0.23974609375 0.20534550195567144 0.24072265625 0.181877444589309 0.24755859375 0.16297262059973924 0.25537109375 0.15384615384615385 0.27001953125 0.14276401564537158 0.28369140625 0.1440677966101695
2 0.60009765625 0.03259452411994785 0.60302734375 0.037157757496740544 0.60595703125 0.05084745762711865 0.60595703125 0.06910039113428944 0.60302734375 0.0847457627118644 0.56103515625 0.10821382007822686 0.55859375 0.10691003911342895 0.56005859375 0.10104302477183832 0.58447265625 0.051499348109517604 0.5908203125 0.04041720990873533 0.599609375 0.03259452411994785
2 0.29638671875 0.5149934810951761 0.31982421875 0.5189048239895697 0.330078125 0.5260756192959583 0.33935546875 0.5404172099087353 0.3447265625 0.5632333767926988 0.34326171875 0.5814863102998696 0.34033203125 0.5919165580182529 0.3408203125 0.6075619295958279 0.35009765625 0.6264667535853976 0.3505859375 0.6336375488917861 0.34619140625 0.6401564537157758 0.341796875 0.6414602346805737 0.328125 0.6284224250325945 0.3134765625 0.6440677966101694 0.29345703125 0.652542372881356 0.275390625 0.651890482398957 0.25927734375 0.6447196870925684 0.24462890625 0.6323337679269883 0.2314453125 0.6160365058670143 0.22265625 0.5984354628422425 0.21826171875 0.5691003911342895 0.22216796875 0.546284224250326 0.240234375 0.5221642764015645 0.25146484375 0.5149934810951761 0.26220703125 0.5123859191655802 0.2958984375 0.5149934810951761
2 0.478515625 0 0.521484375 0 0.5185546875 0.018252933507170794 0.50927734375 0.04302477183833116 0.505859375 0.050195567144719684 0.4990234375 0.056714471968709254 0.48486328125 0.054758800521512385 0.474609375 0.046284224250325946 0.4697265625 0.037157757496740544 0.47021484375 0.025423728813559324 0.478515625 0.000651890482398957
2 0.32421875 0 0.41015625 0 0.408203125 0.011734028683181226 0.39599609375 0.026727509778357236 0.38720703125 0.033246414602346806 0.37255859375 0.037157757496740544 0.3447265625 0.037157757496740544 0.3349609375 0.033246414602346806 0.31884765625 0.01499348109517601 0.3193359375 0.009778357235984355 0.32421875 0.000651890482398957
2 0.39111328125 0.6610169491525424 0.40478515625 0.6688396349413298 0.41845703125 0.6851368970013038 0.4287109375 0.7144719687092569 0.43212890625 0.7431551499348109 0.42919921875 0.7705345501955672 0.42138671875 0.7861799217731421 0.41455078125 0.7953063885267275 0.40087890625 0.8063885267275098 0.38916015625 0.8102998696219035 0.3623046875 0.8057366362451108 0.34912109375 0.7953063885267275 0.3349609375 0.772490221642764 0.32958984375 0.7568448500651891 0.32958984375 0.7470664928292047 0.3310546875 0.7294654498044328 0.3349609375 0.7190352020860495 0.3369140625 0.7040417209908736 0.34521484375 0.6844850065189049 0.35546875 0.6734028683181226 0.369140625 0.6649282920469362 0.38134765625 0.6610169491525424 0.390625 0.6610169491525424
2 0.52392578125 0 0.57177734375 0 0.5712890625 0.005867014341590613 0.54150390625 0.06910039113428944 0.5234375 0.11473272490221642 0.52001953125 0.11864406779661017 0.51220703125 0.11342894393741851 0.501953125 0.0984354628422425 0.4990234375 0.08930899608865711 0.49755859375 0.0710560625814863 0.49853515625 0.060625814863103 0.5087890625 0.04302477183833116 0.52392578125 0.000651890482398957
2 0.9521484375 0.3135593220338983 0.9599609375 0.3155149934810952 0.966796875 0.32073011734028684 0.978515625 0.3428943937418514 0.98681640625 0.36897001303780963 0.990234375 0.3956975228161669 0.98291015625 0.4178617992177314 0.97265625 0.4302477183833116 0.9521484375 0.44654498044328556 0.93896484375 0.4517601043024772 0.9208984375 0.4498044328552803 0.90380859375 0.4406779661016949 0.8935546875 0.4315514993481095 0.87890625 0.40352020860495436 0.87548828125 0.3767926988265971 0.876953125 0.36962190352020863 0.88720703125 0.34810951760104303 0.8984375 0.3344198174706649 0.9189453125 0.32073011734028684 0.95166015625 0.3135593220338983
2 0.30517578125 0.3578878748370274 0.3251953125 0.36962190352020863 0.3388671875 0.3878748370273794 0.34814453125 0.41590612777053454 0.3515625 0.4471968709256845 0.34765625 0.47131681877444587 0.33056640625 0.4954367666232073 0.318359375 0.5065189048239895 0.30224609375 0.5123859191655802 0.28271484375 0.5104302477183833 0.2626953125 0.5019556714471969 0.24462890625 0.4895697522816167 0.236328125 0.4784876140808344 0.23095703125 0.4634941329856584 0.22802734375 0.4471968709256845 0.22705078125 0.424380704041721 0.2353515625 0.39765319426336376 0.24658203125 0.37809647979139505 0.25537109375 0.36962190352020863 0.2841796875 0.3559322033898305 0.3046875 0.3578878748370274
2 0.7353515625 0 0.7861328125 0 0.7900390625 0.003911342894393742 0.7998046875 0.002607561929595828 0.80078125 0 0.8173828125 0 0.81982421875 0.011734028683181226 0.8291015625 0.02607561929595828 0.83251953125 0.03911342894393742 0.83056640625 0.048239895697522815 0.81884765625 0.06258148631029987 0.7666015625 0.11734028683181226 0.76171875 0.11864406779661017 0.7568359375 0.11147327249022164 0.728515625 0.02151238591916558 0.72802734375 0.01499348109517601 0.7353515625 0.000651890482398957
2 0.63623046875 0 0.701171875 0 0.705078125 0.017601043024771838 0.70361328125 0.02151238591916558 0.69287109375 0.026727509778357236 0.671875 0.026727509778357236 0.65625 0.01955671447196871 0.638671875 0.005215123859191656 0.63623046875 0.000651890482398957
2 0.890625 0.1558018252933507 0.8974609375 0.16036505867014342 0.9052734375 0.15840938722294653 0.9140625 0.16166883963494133 0.9296875 0.17861799217731422 0.9404296875 0.20990873533246415 0.94287109375 0.2242503259452412 0.943359375 0.24837027379400262 0.93603515625 0.26727509778357234 0.927734375 0.2770534550195567 0.90771484375 0.2907431551499348 0.89794921875 0.29139504563233376 0.89111328125 0.29921773142112124 0.87744140625 0.303129074315515 0.86279296875 0.30182529335071706 0.8388671875 0.2861799217731421 0.833984375 0.273142112125163 0.82763671875 0.2653194263363755 0.82470703125 0.25554106910039115 0.8232421875 0.2301173402868318 0.83447265625 0.19426336375488917 0.8486328125 0.1760104302477184 0.8662109375 0.16166883963494133 0.89013671875 0.1558018252933507