1 0.380859375 0.5205345501955672 0.529296875 0.9204693611473272
1 0.772216796875 0.2832464146023468 0.24853515625 0.5423728813559322
2 0.74462890625 0.7829204693611473 0.75634765625 0.7855280312907431 0.78466796875 0.803129074315515 0.7998046875 0.8265971316818774 0.8076171875 0.8494132985658409 0.80810546875 0.8846153846153846 0.8046875 0.9015645371577575 0.80029296875 0.9113428943937418 0.78125 0.9335071707953064 0.7587890625 0.9419817470664928 0.74755859375 0.9413298565840938 0.7373046875 0.9367666232073012 0.72705078125 0.9295958279009127 0.71337890625 0.9146023468057366 0.6962890625 0.8794002607561929 0.6923828125 0.8513689700130378 0.69384765625 0.8246414602346805 0.703125 0.8037809647979139 0.72509765625 0.7855280312907431 0.744140625 0.7829204693611473
2 0.42822265625 0 0.568359375 0 0.56689453125 0.005867014341590613 0.54248046875 0.033246414602346806 0.5302734375 0.03780964797913951 0.5224609375 0.048239895697522815 0.5146484375 0.05410691003911343 0.5009765625 0.05736636245110821 0.501953125 0.07822685788787484 0.5 0.09191655801825294 0.4912109375 0.10821382007822686 0.48046875 0.11864406779661017 0.47705078125 0.1166883963494133 0.45751953125 0.06779661016949153 0.42822265625 0.005867014341590613 0.42822265625 0.000651890482398957
2 0.568359375 0 0.56689453125 0.00651890482398957 0.54296875 0.033246414602346806 0.529296875 0.03911342894393742 0.515625 0.05410691003911343 0.501953125 0.056714471968709254 0.4931640625 0.04758800521512386 0.48046875 0.01564537157757497 0.47705078125 0 0.56787109375 0
2 0.965576171875 0.12516297262059975 0.06884765625 0.15645371577574968
2 0.99951171875 0.3513689700130378 0.99951171875 0.47392438070404175 0.99560546875 0.4745762711864407 0.97412109375 0.4667535853976532 0.953125 0.4511082138200782 0.94384765625 0.43285528031290743 0.94189453125 0.4074315514993481 0.94921875 0.3833116036505867 0.96337890625 0.3644067796610169 0.9736328125 0.3559322033898305 0.98681640625 0.35071707953063885 0.9990234375 0.3513689700130378
2 0.52392578125 0 0.56982421875 0 0.56884765625 0.005215123859191656 0.55322265625 0.02346805736636245 0.53564453125 0.03780964797913951 0.529296875 0.03650586701434159 0.52392578125 0.000651890482398957
2 0.7294921875 0.14276401564537158 0.74755859375 0.15710560625814862 0.75732421875 0.17535853976531943 0.759765625 0.18839634941329855 0.75830078125 0.22164276401564537 0.75146484375 0.25488917861799215 0.7412109375 0.28096479791395046 0.73095703125 0.29726205997392435 0.712890625 0.30834419817470665 0.69873046875 0.30638852672750977 0.68310546875 0.2966101694915254 0.67138671875 0.29726205997392435 0.6689453125 0.2953063885267275 0.6650390625 0.27640156453715775 0.65673828125 0.2646675358539765 0.6494140625 0.24511082138200782 0.64794921875 0.22946544980443284 0.6513671875 0.2138200782268579 0.6591796875 0.19556714471968709 0.66796875 0.18252933507170796 0.673828125 0.17926988265971316 0.67822265625 0.17014341590612778 0.703125 0.14993481095176012 0.712890625 0.14471968709256844 0.72900390625 0.14276401564537158
2 0.4013671875 0.03259452411994785 0.40869140625 0.04041720990873533 0.4326171875 0.08604954367666232 0.44091796875 0.10495436766623208 0.439453125 0.10821382007822686 0.396484375 0.0847457627118644 0.3935546875 0.06910039113428944 0.3935546875 0.05084745762711865 0.39697265625 0.03585397653194263 0.40087890625 0.03259452411994785
2 0.74462890625 0.5136897001303781 0.76318359375 0.5254237288135594 0.77734375 0.546284224250326 0.78076171875 0.5638852672750978 0.78076171875 0.5801825293350718 0.77685546875 0.5984354628422425 0.76611328125 0.6186440677966102 0.7548828125 0.6323337679269883 0.7412109375 0.6440677966101694 0.72216796875 0.652542372881356 0.7060546875 0.652542372881356 0.69287109375 0.6479791395045632 0.681640625 0.6401564537157758 0.67138671875 0.6284224250325945 0.65966796875 0.6408083441981747 0.654296875 0.6408083441981747 0.650390625 0.636897001303781 0.6494140625 0.6264667535853976 0.65869140625 0.6075619295958279 0.6591796875 0.5919165580182529 0.65478515625 0.5697522816166884 0.65576171875 0.5554106910039114 0.6630859375 0.5352020860495437 0.66943359375 0.5260756192959583 0.6796875 0.5189048239895697 0.72705078125 0.5123859191655802 0.744140625 0.5136897001303781
2 0.52197265625 0.002607561929595828 0.529296875 0.025423728813559324 0.52978515625 0.037157757496740544 0.5224609375 0.04889178617992177 0.5087890625 0.056714471968709254 0.50048828125 0.056714471968709254 0.49365234375 0.050195567144719684 0.48095703125 0.018252933507170794 0.47802734375 0 0.52099609375 0 0.521484375 0.002607561929595828
2 0.6787109375 0.00651890482398957 0.6806640625 0.01499348109517601 0.67822265625 0.018904823989569754 0.66455078125 0.033246414602346806 0.65478515625 0.037157757496740544 0.626953125 0.037157757496740544 0.6123046875 0.033246414602346806 0.603515625 0.026727509778357236 0.59130859375 0.011734028683181226 0.58935546875 0 0.67529296875 0 0.67822265625 0.00651890482398957
2 0.62890625 0.6642764015645372 0.64697265625 0.6760104302477183 0.65771484375 0.6903520208604954 0.66845703125 0.7294654498044328 0.669921875 0.7568448500651891 0.66259765625 0.7764015645371578 0.650390625 0.7953063885267275 0.64013671875 0.8044328552803129 0.61669921875 0.8102998696219035 0.5986328125 0.8063885267275098 0.5849609375 0.7953063885267275 0.578125 0.7861799217731421 0.5703125 0.7705345501955672 0.56787109375 0.7529335071707953 0.56787109375 0.7333767926988266 0.57373046875 0.7040417209908736 0.5810546875 0.6851368970013038 0.5888671875 0.6747066492829205 0.60498046875 0.6616688396349413 0.6181640625 0.6610169491525424 0.62841796875 0.6642764015645372
2 0.427734375 0 0.4755859375 0 0.49072265625 0.04302477183833116 0.5009765625 0.060625814863103 0.501953125 0.0710560625814863 0.50048828125 0.08930899608865711 0.49755859375 0.0984354628422425 0.48388671875 0.1166883963494133 0.4775390625 0.11734028683181226 0.4580078125 0.06910039113428944 0.42822265625 0.005867014341590613 0.427734375 0.000651890482398957
2 0.05322265625 0.3135593220338983 0.08056640625 0.32073011734028684 0.10107421875 0.3344198174706649 0.1123046875 0.34810951760104303 0.12255859375 0.36962190352020863 0.1240234375 0.3767926988265971 0.12060546875 0.40352020860495436 0.10791015625 0.42894393741851367 0.10107421875 0.4367666232073012 0.0859375 0.44654498044328556 0.068359375 0.4517601043024772 0.060546875 0.4517601043024772 0.04736328125 0.44654498044328556 0.02685546875 0.4302477183833116 0.0166015625 0.4178617992177314 0.00927734375 0.3956975228161669 0.015625 0.35658409387222945 0.02978515625 0.32529335071707954 0.03955078125 0.3155149934810952 0.052734375 0.3135593220338983
2 0.71728515625 0.35658409387222945 0.7392578125 0.3663624511082138 0.75146484375 0.37614080834419816 0.75537109375 0.3820078226857888 0.765625 0.40091264667535853 0.77197265625 0.4198174706649283 0.771484375 0.4471968709256845 0.76513671875 0.4745762711864407 0.7529296875 0.4915254237288136 0.73388671875 0.5032594524119948 0.716796875 0.5104302477183833 0.7041015625 0.5123859191655802 0.69287109375 0.5117340286831812 0.68115234375 0.5065189048239895 0.6689453125 0.4954367666232073 0.65283203125 0.47327249022164275 0.6484375 0.4530638852672751 0.6484375 0.4335071707953064 0.6572265625 0.3963494132985658 0.66796875 0.37614080834419816 0.67822265625 0.3663624511082138 0.6943359375 0.3578878748370274 0.69921875 0.3559322033898305 0.716796875 0.35658409387222945
2 0.18212890625 0 0.19873046875 0 0.20361328125 0.003911342894393742 0.20947265625 0.003911342894393742 0.21337890625 0 0.26416015625 0 0.271484375 0.01499348109517601 0.27001953125 0.025423728813559324 0.24267578125 0.11147327249022164 0.2392578125 0.11734028683181226 0.2353515625 0.11864406779661017 0.18359375 0.06584093872229466 0.1669921875 0.04432855280312908 0.1689453125 0.02998696219035202 0.1796875 0.011734028683181226 0.18212890625 0.000651890482398957
2 0.29833984375 0 0.36328125 0 0.36083984375 0.005215123859191656 0.34326171875 0.01955671447196871 0.32470703125 0.027379400260756193 0.306640625 0.026727509778357236 0.2958984375 0.02151238591916558 0.29443359375 0.017601043024771838 0.29833984375 0.000651890482398957
2 0.10986328125 0.1558018252933507 0.13330078125 0.16166883963494133 0.14697265625 0.17209908735332463 0.15966796875 0.18578878748370273 0.16748046875 0.19947848761408082 0.17626953125 0.2301173402868318 0.1748046875 0.25554106910039115 0.171875 0.2653194263363755 0.16552734375 0.273142112125163 0.16064453125 0.2861799217731421 0.13671875 0.30182529335071706 0.1298828125 0.303129074315515 0.1123046875 0.3011734028683181 0.1064453125 0.29791395045632335 0.1015625 0.29139504563233376 0.091796875 0.2907431551499348 0.0810546875 0.2835723598435463 0.06787109375 0.273142112125163 0.056640625 0.2522816166883963 0.056640625 0.2242503259452412 0.05908203125 0.20990873533246415 0.06982421875 0.17861799217731422 0.08544921875 0.16166883963494133 0.09423828125 0.15840938722294653 0.10205078125 0.16036505867014342 0.109375 0.1558018252933507