2 0.2159344181459566 0.2179662559885206 0.12122041420118343 0.178091850983236
2 0.35769970414201185 0.1488591787980014 0.12368589743589742 0.14520879782137427
2 0.3246227810650888 0.31039100571143496 0.11423323471400393 0.15556745330689772
2 0.28435157790927024 0.3726482697257945 0.1125912228796844 0.13196012024614975
2 0.4487179487179488 0.3057268128855733 0.11587771203155822 0.18244663369926634
2 0.38646449704142016 0.3836224538340675 0.07273175542406307 0.07491345414522622
2 0.45796351084812625 0.44422733619805127 0.11711045364891515 0.12041648987191053
2 0.33777120315581854 0.48097801573280463 0.09122287968441811 0.12149942525632032
2 0.2539447731755424 0.5418528090436625 0.13067061143984218 0.1840068506360754
2 0.3209245562130178 0.6735002275830678 0.11176775147928997 0.1313018008635299
2 0.3757815581854044 0.7310867155777396 0.11053500986193299 0.16089984030611845
2 0.47830374753451677 0.5511811946953858 0.1454635108481262 0.16974106961470317
2 0.3928328402366864 0.5909535601963644 0.0830054240631164 0.1077471333533915
2 0.4885774161735701 0.6910477307267999 0.11176775147928991 0.1532337110955104