1 0.619140625 0.47946544980443284 0.529296875 0.9204693611473272
1 0.227783203125 0.7167535853976532 0.24853515625 0.5423728813559322
2 0.25244140625 0.05867014341590613 0.27294921875 0.07040417209908735 0.28662109375 0.08539765319426336 0.3037109375 0.12059973924380704 0.3076171875 0.14863102998696218 0.30615234375 0.17535853976531943 0.29833984375 0.19426336375488917 0.283203125 0.20925684485006518 0.26708984375 0.21707953063885269 0.2451171875 0.2151238591916558 0.216796875 0.1981747066492829 0.201171875 0.17535853976531943 0.1923828125 0.15058670143415906 0.19189453125 0.11538461538461539 0.1953125 0.0984354628422425 0.19970703125 0.08865710560625815 0.220703125 0.0651890482398957 0.23681640625 0.05867014341590613 0.251953125 0.05867014341590613
2 0.51953125 0.8813559322033898 0.52294921875 0.8833116036505867 0.54248046875 0.9322033898305084 0.57177734375 0.9941329856584094 0.57177734375 0.999348109517601 0.431640625 0.999348109517601 0.4326171875 0.9947848761408083 0.44384765625 0.9804432855280313 0.45751953125 0.9667535853976532 0.4697265625 0.9621903520208605 0.4775390625 0.9517601043024772 0.4853515625 0.9458930899608866 0.4990234375 0.9426336375488917 0.498046875 0.9217731421121251 0.5 0.9080834419817471 0.5087890625 0.8917861799217731 0.51904296875 0.8820078226857888
2 0.49951171875 0.9439374185136897 0.5087890625 0.9569752281616688 0.51953125 0.984354628422425 0.52294921875 0.999348109517601 0.431640625 0.999348109517601 0.43310546875 0.9934810951760105 0.45703125 0.9667535853976532 0.470703125 0.9608865710560626 0.484375 0.9458930899608866 0.4990234375 0.9439374185136897
2 0.017578125 0.7972620599739244 0.03369140625 0.8018252933507171 0.05126953125 0.8122555410691004 0.064453125 0.8305084745762712 0.06884765625 0.8552803129074316 0.06640625 0.8702737940026075 0.0556640625 0.9035202086049544 0.044921875 0.923728813559322 0.03369140625 0.940677966101695 0.02099609375 0.9498044328552803 0.0126953125 0.9524119947848761 0.00048828125 0.9524119947848761 0.00048828125 0.7979139504563233 0.01708984375 0.7972620599739244
2 0.00732421875 0.5254237288135594 0.02587890625 0.5332464146023468 0.04443359375 0.546284224250326 0.05419921875 0.5619295958279009 0.05810546875 0.5782268578878749 0.05615234375 0.6029986962190352 0.04736328125 0.622555410691004 0.02734375 0.6434159061277706 0.01123046875 0.6499348109517601 0.00048828125 0.6486310299869622 0.00048828125 0.5260756192959583 0.0068359375 0.5254237288135594
2 0.46923828125 0.9621903520208605 0.4765625 0.9947848761408083 0.47607421875 0.999348109517601 0.43017578125 0.999348109517601 0.43212890625 0.9934810951760105 0.45556640625 0.9680573663624511 0.46044921875 0.9634941329856584 0.46875 0.9621903520208605
2 0.2919921875 0.6916558018252934 0.30419921875 0.6949152542372882 0.31689453125 0.7033898305084746 0.32861328125 0.7027379400260756 0.3310546875 0.7046936114732725 0.3349609375 0.7235984354628422 0.34326171875 0.7353324641460235 0.3505859375 0.7548891786179922 0.35205078125 0.7705345501955672 0.3486328125 0.7861799217731421 0.3408203125 0.8044328552803129 0.33203125 0.817470664928292 0.326171875 0.8207301173402868 0.32177734375 0.8298565840938722 0.30126953125 0.847457627118644 0.287109375 0.8552803129074316 0.27685546875 0.8578878748370273 0.26416015625 0.8533246414602347 0.248046875 0.8370273794002607 0.2412109375 0.818122555410691 0.240234375 0.7946544980443285 0.2451171875 0.757496740547588 0.255859375 0.7249022164276402 0.26904296875 0.7027379400260756 0.283203125 0.6929595827900913 0.29150390625 0.6916558018252934
2 0.5615234375 0.8917861799217731 0.603515625 0.9152542372881356 0.6064453125 0.9308996088657105 0.6064453125 0.9491525423728814 0.603515625 0.9628422425032594 0.6005859375 0.9674054758800521 0.59130859375 0.9595827900912647 0.5849609375 0.9485006518904824 0.560546875 0.8989569752281616 0.55908203125 0.8930899608865711 0.56103515625 0.8917861799217731
2 0.294921875 0.34810951760104303 0.31396484375 0.3559322033898305 0.32861328125 0.37157757496740546 0.34033203125 0.35919165580182527 0.345703125 0.35919165580182527 0.349609375 0.36310299869621904 0.3505859375 0.37353324641460234 0.34130859375 0.3924380704041721 0.3408203125 0.40808344198174706 0.34521484375 0.4302477183833116 0.34423828125 0.4445893089960887 0.3369140625 0.46479791395045633 0.33056640625 0.47392438070404175 0.3203125 0.4810951760104302 0.27294921875 0.4876140808344198 0.25341796875 0.48565840938722293 0.23681640625 0.4745762711864407 0.22265625 0.45371577574967403 0.21923828125 0.4361147327249022 0.21923828125 0.4198174706649283 0.22314453125 0.4015645371577575 0.23193359375 0.38396349413298564 0.2451171875 0.36766623207301175 0.259765625 0.35528031290743156 0.27587890625 0.34810951760104303 0.29443359375 0.34810951760104303
2 0.501953125 0.9445893089960886 0.509765625 0.9569752281616688 0.51904296875 0.9817470664928292 0.52197265625 0.999348109517601 0.47900390625 0.999348109517601 0.4765625 0.9954367666232073 0.470703125 0.9745762711864406 0.47119140625 0.9602346805736637 0.4775390625 0.9511082138200783 0.4853515625 0.9452411994784876 0.4912109375 0.9432855280312907 0.50146484375 0.9445893089960886
2 0.3779296875 0.9634941329856584 0.3876953125 0.9667535853976532 0.40087890625 0.9778357235984355 0.40869140625 0.9882659713168188 0.41064453125 0.999348109517601 0.32470703125 0.999348109517601 0.3203125 0.9915254237288136 0.3193359375 0.9850065189048239 0.33544921875 0.9667535853976532 0.34521484375 0.9628422425032594 0.37744140625 0.9634941329856584
2 0.392578125 0.19035202086049544 0.4013671875 0.19361147327249023 0.4150390625 0.2046936114732725 0.423828125 0.21707953063885269 0.4296875 0.22946544980443284 0.4326171875 0.26010430247718386 0.42919921875 0.28552803129074317 0.4189453125 0.31486310299869624 0.4052734375 0.33116036505867014 0.3916015625 0.3389830508474576 0.3818359375 0.3389830508474576 0.36962890625 0.3350717079530639 0.35595703125 0.32659713168187743 0.345703125 0.3155149934810952 0.3388671875 0.30182529335071706 0.33544921875 0.28096479791395046 0.33203125 0.273142112125163 0.330078125 0.24315514993481094 0.33544921875 0.227509778357236 0.34521484375 0.2105606258148631 0.35888671875 0.19621903520208606 0.37939453125 0.19035202086049544 0.39208984375 0.19035202086049544
2 0.521484375 0.8820078226857888 0.57177734375 0.9941329856584094 0.572265625 0.999348109517601 0.5244140625 0.999348109517601 0.52099609375 0.9921773142112125 0.50927734375 0.9569752281616688 0.4990234375 0.939374185136897 0.498046875 0.9289439374185137 0.49951171875 0.9106910039113429 0.50244140625 0.9015645371577575 0.5126953125 0.8865710560625815 0.52099609375 0.8820078226857888
2 0.939453125 0.5482398956975228 0.95263671875 0.5534550195567145 0.97314453125 0.5697522816166884 0.9833984375 0.5821382007822686 0.99072265625 0.6043024771838331 0.9873046875 0.6310299869621904 0.97900390625 0.6571056062581486 0.96728515625 0.6792698826597132 0.96044921875 0.6844850065189049 0.95263671875 0.6864406779661016 0.91943359375 0.6792698826597132 0.89892578125 0.665580182529335 0.8876953125 0.651890482398957 0.87744140625 0.6303780964797914 0.8759765625 0.6232073011734028 0.87939453125 0.5964797913950456 0.89404296875 0.5684485006518905 0.9140625 0.5534550195567145 0.92626953125 0.5488917861799217 0.93896484375 0.5482398956975228
2 0.302734375 0.4876140808344198 0.31884765625 0.4934810951760104 0.33740234375 0.5130378096479792 0.34814453125 0.5286831812255541 0.35205078125 0.5547588005215124 0.3486328125 0.5840938722294654 0.3369140625 0.6166883963494133 0.32177734375 0.6336375488917861 0.30078125 0.6440677966101694 0.28271484375 0.6434159061277706 0.2607421875 0.6336375488917861 0.24853515625 0.6238591916558018 0.234375 0.5990873533246415 0.22802734375 0.5801825293350718 0.2275390625 0.5658409387222947 0.22900390625 0.5482398956975228 0.234375 0.5267275097783573 0.2451171875 0.5104302477183833 0.26318359375 0.4980443285528031 0.283203125 0.4895697522816167 0.30224609375 0.4876140808344198
2 0.76708984375 0.8826597131681877 0.81640625 0.9341590612777053 0.8330078125 0.9556714471968709 0.8310546875 0.970013037809648 0.82177734375 0.9850065189048239 0.81787109375 0.999348109517601 0.80126953125 0.999348109517601 0.79638671875 0.9960886571056062 0.79052734375 0.9960886571056062 0.78662109375 0.999348109517601 0.73583984375 0.999348109517601 0.72998046875 0.9889178617992177 0.728515625 0.9850065189048239 0.72998046875 0.9745762711864406 0.75732421875 0.8885267275097783 0.76220703125 0.8813559322033898 0.7666015625 0.8826597131681877
2 0.68994140625 0.9726205997392438 0.7001953125 0.9758800521512386 0.70556640625 0.9804432855280313 0.70166015625 0.999348109517601 0.63671875 0.999348109517601 0.63916015625 0.9947848761408083 0.6630859375 0.9771838331160365 0.67529296875 0.9726205997392438 0.689453125 0.9726205997392438
2 0.8779296875 0.696870925684485 0.8916015625 0.7007822685788787 0.8984375 0.7086049543676662 0.908203125 0.7092568448500652 0.92822265625 0.7229465449804433 0.9365234375 0.7327249022164276 0.94384765625 0.7516297262059974 0.943359375 0.7757496740547588 0.94091796875 0.7900912646675359 0.93017578125 0.8213820078226858 0.91455078125 0.8383311603650587 0.90576171875 0.8415906127770535 0.89794921875 0.8396349413298566 0.89111328125 0.8441981747066493 0.86669921875 0.8383311603650587 0.84912109375 0.8239895697522817 0.8349609375 0.8057366362451108 0.82373046875 0.7698826597131682 0.8251953125 0.7444589308996089 0.828125 0.7346805736636245 0.83447265625 0.7268578878748371 0.83935546875 0.7138200782268579 0.86328125 0.6981747066492829 0.87744140625 0.696870925684485