2 0.7841796875 0.2180573663624511 0.12109375 0.17796610169491525
2 0.642333984375 0.14895697522816168 0.12353515625 0.1453715775749674
2 0.67529296875 0.31029986962190353 0.1142578125 0.1558018252933507
2 0.715576171875 0.3725554106910039 0.11279296875 0.1316818774445893
2 0.55126953125 0.3057366362451108 0.11572265625 0.18252933507170796
2 0.613525390625 0.3836375488917862 0.07275390625 0.07496740547588006
2 0.5419921875 0.4442633637548892 0.1171875 0.12059973924380704
2 0.662109375 0.4810951760104302 0.09130859375 0.121251629726206
2 0.74609375 0.5417209908735332 0.130859375 0.18383311603650587
2 0.678955078125 0.6734028683181226 0.11181640625 0.13102998696219034
2 0.624267578125 0.7310951760104303 0.1103515625 0.16101694915254236
2 0.521728515625 0.5511734028683182 0.1455078125 0.1694915254237288
2 0.607177734375 0.5909387222946545 0.0830078125 0.1075619295958279
2 0.511474609375 0.6910039113428944 0.11181640625 0.15319426336375488