2 0.711181640625 0.12059973924380704 0.13330078125 0.16166883963494133
2 0.762939453125 0.30997392438070404 0.10888671875 0.16492829204693613
2 0.64208984375 0.26597131681877445 0.11669921875 0.15254237288135594
2 0.595458984375 0.2121903520208605 0.0986328125 0.15058670143415906
2 0.6455078125 0.4315514993481095 0.13671875 0.1544980443285528
2 0.587158203125 0.3484354628422425 0.05615234375 0.09713168187744459
2 0.541748046875 0.4439374185136897 0.09033203125 0.15645371577574968
2 0.51416015625 0.2835723598435463 0.0908203125 0.12190352020860495
2 0.46875 0.1714471968709257 0.1376953125 0.17470664928292046
2 0.3701171875 0.26108213820078224 0.09814453125 0.14928292046936115
2 0.326904296875 0.33409387222946546 0.12060546875 0.14732724902216426
2 0.461669921875 0.4709908735332464 0.126953125 0.19426336375488917
2 0.431884765625 0.35691003911342895 0.08056640625 0.11082138200782268
2 0.35693359375 0.4846805736636245 0.11474609375 0.14928292046936115