2 0.719970703125 0.8748370273794003 0.1083984375 0.17079530638852672
2 0.755126953125 0.690677966101695 0.12939453125 0.15384615384615385
2 0.602783203125 0.9044980443285529 0.10400390625 0.1910039113428944
2 0.62890625 0.7503259452411994 0.15283203125 0.13689700130378096
2 0.6474609375 0.559322033898305 0.13037109375 0.1760104302477184
2 0.555908203125 0.6551499348109517 0.14794921875 0.19230769230769232
2 0.47314453125 0.8301825293350718 0.1435546875 0.1910039113428944
2 0.418212890625 0.6955671447196871 0.12548828125 0.18057366362451108
2 0.46240234375 0.5104302477183833 0.12548828125 0.15254237288135594
2 0.359375 0.5130378096479792 0.09033203125 0.15384615384615385
2 0.31787109375 0.6681877444589309 0.09912109375 0.1694915254237288
2 0.357177734375 0.788787483702738 0.072265625 0.07301173402868318