1 0.355712890625 0.5 0.46044921875 0.8696219035202086
2 0.17822265625 0 0.28857421875 0 0.29248046875 0.025423728813559324 0.2900390625 0.05541069100391134 0.28564453125 0.06844850065189048 0.27490234375 0.08604954367666232 0.25634765625 0.0984354628422425 0.24560546875 0.1016949152542373 0.23291015625 0.10039113428943937 0.2041015625 0.08670143415906127 0.19384765625 0.07301173402868318 0.1845703125 0.05410691003911343 0.18115234375 0.041720990873533245 0.17724609375 0.017601043024771838 0.17822265625 0.000651890482398957
2 0.78173828125 0.6414602346805737 0.7890625 0.6492829204693612 0.80078125 0.6479791395045632 0.80615234375 0.651890482398957 0.8095703125 0.6603650586701434 0.81005859375 0.6714471968709257 0.8056640625 0.68122555410691 0.794921875 0.6923076923076923 0.7841796875 0.6890482398956975 0.77880859375 0.6831812255541069 0.77392578125 0.6707953063885267 0.7734375 0.6616688396349413 0.7763671875 0.6466753585397653 0.78125 0.6421121251629727
2 0.86279296875 0.521838331160365 0.0234375 0.09713168187744459
2 0.828125 0.5130378096479792 0.8486328125 0.5241199478487614 0.8603515625 0.5397653194263363 0.8681640625 0.5736636245110821 0.87060546875 0.5977835723598436 0.869140625 0.6186440677966102 0.8603515625 0.6408083441981747 0.85205078125 0.651238591916558 0.84130859375 0.6584093872229465 0.8251953125 0.6616688396349413 0.80810546875 0.6551499348109517 0.798828125 0.6551499348109517 0.7998046875 0.6584093872229465 0.80419921875 0.6597131681877445 0.802734375 0.6701434159061278 0.80615234375 0.6747066492829205 0.80517578125 0.6792698826597132 0.7958984375 0.6897001303780965 0.78564453125 0.6883963494132985 0.7802734375 0.6838331160365059 0.77587890625 0.6740547588005215 0.77392578125 0.6603650586701434 0.77587890625 0.651238591916558 0.7802734375 0.6434159061277706 0.7802734375 0.6375488917861799 0.77685546875 0.6303780964797914 0.76513671875 0.6192959582790091 0.759765625 0.6088657105606258 0.75634765625 0.5932203389830508 0.75732421875 0.5749674054758801 0.76025390625 0.5625814863102999 0.765625 0.5521512385919165 0.783203125 0.530638852672751 0.81005859375 0.5130378096479792 0.82763671875 0.5130378096479792
2 0.31396484375 0.4445893089960887 0.33056640625 0.4517601043024772 0.34716796875 0.4641460234680574 0.3642578125 0.48891786179921776 0.37255859375 0.5136897001303781 0.37109375 0.5391134289439374 0.359375 0.5632333767926988 0.33984375 0.5788787483702738 0.326171875 0.5834419817470665 0.2998046875 0.5814863102998696 0.27978515625 0.5691003911342895 0.27197265625 0.5508474576271186 0.26708984375 0.529986962190352 0.265625 0.5123859191655802 0.26123046875 0.5045632333767927 0.26171875 0.49674054758800523 0.2705078125 0.485006518904824 0.27490234375 0.4661016949152542 0.28515625 0.4517601043024772 0.29833984375 0.4445893089960887 0.3134765625 0.4445893089960887
2 0.8740234375 0.3070404172099087 0.8740234375 0.44654498044328556 0.869140625 0.44654498044328556 0.8623046875 0.44198174706649285 0.8466796875 0.4217731421121252 0.84130859375 0.40808344198174706 0.837890625 0.3859191655801825 0.8408203125 0.3559322033898305 0.8466796875 0.33572359843546284 0.85986328125 0.31486310299869624 0.86865234375 0.3076923076923077 0.87353515625 0.3070404172099087
2 0.826171875 0.8044328552803129 0.85693359375 0.817470664928292 0.8740234375 0.8350717079530638 0.8740234375 0.9282920469361148 0.857421875 0.9517601043024772 0.8388671875 0.9628422425032594 0.8212890625 0.9608865710560626 0.80810546875 0.9530638852672751 0.79638671875 0.940026075619296 0.77880859375 0.9054758800521513 0.77294921875 0.8865710560625815 0.771484375 0.8748370273794003 0.77099609375 0.8539765319426337 0.77294921875 0.8376792698826597 0.77783203125 0.8233376792698827 0.78466796875 0.8135593220338984 0.79638671875 0.8057366362451108 0.82568359375 0.8044328552803129
2 0.755859375 0.18513689700130379 0.77392578125 0.19230769230769232 0.8076171875 0.227509778357236 0.81298828125 0.2392438070404172 0.81689453125 0.258148631029987 0.814453125 0.28096479791395046 0.8076171875 0.2985658409387223 0.7998046875 0.3089960886571056 0.78125 0.32529335071707954 0.7607421875 0.33116036505867014 0.73974609375 0.33116036505867014 0.716796875 0.318122555410691 0.705078125 0.303129074315515 0.69873046875 0.28096479791395046 0.70068359375 0.2588005215123859 0.70751953125 0.22946544980443284 0.71630859375 0.20925684485006518 0.72607421875 0.19491525423728814 0.73681640625 0.18709256844850064 0.75537109375 0.18513689700130379
2 0.31982421875 0 0.42822265625 0 0.431640625 0.025423728813559324 0.4306640625 0.04041720990873533 0.42578125 0.05867014341590613 0.41845703125 0.07301173402868318 0.40478515625 0.08930899608865711 0.392578125 0.09713168187744459 0.37451171875 0.09322033898305085 0.353515625 0.09256844850065189 0.34716796875 0.08865710560625815 0.33740234375 0.07692307692307693 0.330078125 0.06258148631029987 0.3212890625 0.030638852672750978 0.31982421875 0.000651890482398957
2 0.4345703125 0.08409387222946545 0.45654296875 0.08865710560625815 0.47021484375 0.1016949152542373 0.49365234375 0.11799217731421122 0.5009765625 0.13624511082138202 0.50341796875 0.15319426336375488 0.4990234375 0.15710560625814862 0.48046875 0.1590612777053455 0.46142578125 0.15645371577574968 0.44091796875 0.1453715775749674 0.4033203125 0.10430247718383312 0.40380859375 0.09908735332464146 0.4140625 0.08930899608865711 0.42236328125 0.08539765319426336 0.43408203125 0.08409387222946545
2 0.8740234375 0.6844850065189049 0.8740234375 0.7953063885267275 0.869140625 0.7920469361147328 0.861328125 0.7770534550195567 0.85595703125 0.758148631029987 0.857421875 0.7242503259452412 0.865234375 0.6975228161668839 0.87353515625 0.6844850065189049
1 0.647216796875 0.1150586701434159 0.45458984375 0.2301173402868318