1 0.5 0.6926336375488917 0.6513671875 0.6147327249022164
2 0.15478515625 0.7764015645371578 0.17626953125 0.7855280312907431 0.19189453125 0.8037809647979139 0.2001953125 0.8324641460234681 0.2001953125 0.8559322033898306 0.18994140625 0.894393741851369 0.1796875 0.9080834419817471 0.16259765625 0.9224250325945241 0.13818359375 0.9302477183833116 0.12255859375 0.9289439374185137 0.10546875 0.9224250325945241 0.087890625 0.9087353324641461 0.0771484375 0.894393741851369 0.0693359375 0.8767926988265972 0.06640625 0.8533246414602347 0.068359375 0.8396349413298566 0.07275390625 0.8272490221642764 0.0908203125 0.8024771838331161 0.1162109375 0.7848761408083442 0.13671875 0.7777053455019557 0.154296875 0.7764015645371578
2 0.6279296875 0.08539765319426336 0.640625 0.0984354628422425 0.6435546875 0.11016949152542373 0.640625 0.121251629726206 0.63671875 0.1271186440677966 0.62353515625 0.13428943937418514 0.61328125 0.13298565840938723 0.60546875 0.12320730117340287 0.611328125 0.11342894393741851 0.6103515625 0.09778357235984354 0.61181640625 0.09256844850065189 0.61669921875 0.08735332464146023 0.62744140625 0.08539765319426336
2 0.48046875 0 0.552734375 0 0.55126953125 0.007822685788787484 0.53076171875 0.016297262059973925 0.51904296875 0.02998696219035202 0.515625 0.03129074315514994 0.49072265625 0.018904823989569754 0.48388671875 0.01108213820078227 0.48046875 0.000651890482398957
2 0.58056640625 0.0045632333767926985 0.58837890625 0.00651890482398957 0.60205078125 0.01499348109517601 0.615234375 0.035202086049543675 0.62060546875 0.05997392438070404 0.61572265625 0.0880052151238592 0.61572265625 0.10039113428943937 0.6181640625 0.09908735332464146 0.619140625 0.09322033898305085 0.626953125 0.09517601043024772 0.63037109375 0.09061277705345502 0.6337890625 0.09191655801825294 0.640625 0.10104302477183832 0.6416015625 0.11147327249022164 0.63720703125 0.12516297262059975 0.6298828125 0.13102998696219034 0.61962890625 0.13363754889178617 0.61279296875 0.13102998696219034 0.60693359375 0.12516297262059975 0.6025390625 0.12516297262059975 0.59716796875 0.12972620599739243 0.5927734375 0.14015645371577576 0.58642578125 0.14797913950456323 0.57763671875 0.1544980443285528 0.5693359375 0.15710560625814862 0.560546875 0.15710560625814862 0.54638671875 0.15189048239895697 0.529296875 0.13233376792698825 0.5224609375 0.121251629726206 0.509765625 0.08735332464146023 0.5087890625 0.06388526727509779 0.51220703125 0.04758800521512386 0.517578125 0.03389830508474576 0.529296875 0.018252933507170794 0.5546875 0.007822685788787484 0.580078125 0.0045632333767926985
2 0 0.0469361147327249 0.0205078125 0.050195567144719684 0.03662109375 0.06388526727509779 0.0537109375 0.0938722294654498 0.06591796875 0.1303780964797914 0.068359375 0.14732724902216426 0.0634765625 0.17079530638852672 0.04833984375 0.19035202086049544 0.03662109375 0.19752281616688397 0.01611328125 0.2033898305084746 0 0.20208604954367665 0 0.04758800521512386
2 0.5234375 0.6694915254237288 0.5341796875 0.6747066492829205 0.546875 0.6870925684485006 0.55615234375 0.7066492829204694 0.56103515625 0.7216427640156454 0.56201171875 0.7314211212516297 0.560546875 0.7666232073011734 0.55078125 0.7940026075619296 0.53759765625 0.8037809647979139 0.52197265625 0.8102998696219035 0.5087890625 0.8122555410691004 0.5029296875 0.818122555410691 0.4970703125 0.817470664928292 0.48828125 0.8057366362451108 0.47412109375 0.7998696219035202 0.46337890625 0.7861799217731421 0.4580078125 0.7685788787483703 0.45849609375 0.7431551499348109 0.47021484375 0.7079530638852672 0.48583984375 0.6857887874837028 0.50537109375 0.6707953063885267 0.52294921875 0.6694915254237288
2 0.96044921875 0.15058670143415906 0.97314453125 0.15319426336375488 0.99169921875 0.1636245110821382 0.99951171875 0.17535853976531943 0.99951171875 0.2711864406779661 0.97802734375 0.2900912646675359 0.95361328125 0.29595827900912647 0.93408203125 0.29595827900912647 0.9248046875 0.29335071707953064 0.91162109375 0.2861799217731421 0.89794921875 0.273142112125163 0.89404296875 0.26792698826597133 0.88916015625 0.2529335071707953 0.88623046875 0.2255541069100391 0.890625 0.20599739243807041 0.89697265625 0.19295958279009126 0.91162109375 0.17209908735332463 0.93896484375 0.15319426336375488 0.9599609375 0.15058670143415906
2 0.35498046875 0 0.45947265625 0 0.45947265625 0.00651890482398957 0.4560546875 0.01564537157757497 0.44091796875 0.03650586701434159 0.4306640625 0.043676662320730114 0.4140625 0.048239895697522815 0.3916015625 0.04432855280312908 0.37646484375 0.03650586701434159 0.36279296875 0.02216427640156454 0.35546875 0.007170795306388526 0.35498046875 0.000651890482398957
2 0.98046875 0.9902216427640157 0.99462890625 0.9934810951760105 0.99560546875 0.9947848761408083 0.9921875 0.999348109517601 0.9404296875 0.999348109517601 0.9541015625 0.9921773142112125 0.97998046875 0.9902216427640157
2 0.75048828125 0 0.8203125 0 0.837890625 0.02216427640156454 0.84619140625 0.0469361147327249 0.845703125 0.06649282920469361 0.8388671875 0.0880052151238592 0.82568359375 0.10821382007822686 0.81298828125 0.11994784876140809 0.796875 0.13102998696219034 0.7841796875 0.13624511082138202 0.7646484375 0.13754889178617993 0.748046875 0.13298565840938723 0.734375 0.11929595827900913 0.72900390625 0.10560625814863103 0.72705078125 0.06910039113428944 0.7373046875 0.022816166883963495 0.75048828125 0.000651890482398957
2 0.3212890625 0.07627118644067797 0.33544921875 0.07953063885267275 0.3486328125 0.08865710560625815 0.3564453125 0.09908735332464146 0.36865234375 0.12385919165580182 0.373046875 0.15123859191655803 0.373046875 0.17926988265971316 0.36328125 0.20990873533246415 0.35205078125 0.2255541069100391 0.33544921875 0.23402868318122555 0.310546875 0.22816166883963493 0.296875 0.22229465449804434 0.28662109375 0.21447196870925683 0.27099609375 0.19752281616688397 0.26416015625 0.17861799217731422 0.2646484375 0.15058670143415906 0.2724609375 0.1271186440677966 0.296875 0.08670143415906127 0.310546875 0.07822685788787484 0.32080078125 0.07627118644067797
2 0.15234375 0.5912646675358539 0.17138671875 0.6003911342894394 0.1796875 0.6082138200782269 0.19189453125 0.6264667535853976 0.19775390625 0.6427640156453716 0.19482421875 0.666883963494133 0.1943359375 0.6949152542372882 0.19140625 0.7033898305084746 0.1787109375 0.7216427640156454 0.154296875 0.7359843546284224 0.13427734375 0.7405475880052151 0.10986328125 0.7385919165580183 0.09619140625 0.7327249022164276 0.080078125 0.7209908735332464 0.07080078125 0.7066492829204694 0.06689453125 0.6877444589308996 0.06787109375 0.6727509778357236 0.078125 0.6401564537157758 0.09912109375 0.6127770534550195 0.13037109375 0.5925684485006519 0.15185546875 0.5912646675358539
2 0.955078125 0.32920469361147325 0.9775390625 0.33833116036505867 0.98779296875 0.34876140808344197 0.99658203125 0.37222946544980445 0.99755859375 0.38005215123859193 0.99951171875 0.3813559322033898 0.99951171875 0.39895697522816165 0.99755859375 0.4002607561929596 0.99560546875 0.41134289439374183 0.9912109375 0.42046936114732725 0.97900390625 0.4361147327249022 0.962890625 0.4498044328552803 0.94677734375 0.45827900912646674 0.93212890625 0.4602346805736636 0.92236328125 0.4602346805736636 0.90869140625 0.45436766623207303 0.88916015625 0.43285528031290743 0.8837890625 0.4211212516297262 0.88037109375 0.40547588005215124 0.87890625 0.379400260756193 0.88525390625 0.35919165580182527 0.9052734375 0.3376792698826597 0.935546875 0.32659713168187743 0.95458984375 0.32920469361147325
2 0.23828125 0.4941329856584094 0.2421875 0.49869621903520206 0.24365234375 0.515645371577575 0.244140625 0.5365058670143416 0.24169921875 0.5528031290743155 0.23095703125 0.5840938722294654 0.21484375 0.6069100391134289 0.203125 0.6284224250325945 0.19921875 0.6277705345501956 0.1962890625 0.6238591916558018 0.18896484375 0.6029986962190352 0.1884765625 0.5730117340286832 0.19140625 0.5573663624511083 0.201171875 0.5391134289439374 0.21240234375 0.5091264667535854 0.224609375 0.49934810951760106 0.23779296875 0.4941329856584094
2 0.01171875 0.3500651890482399 0.02978515625 0.35853976531942633 0.048828125 0.38005215123859193 0.0556640625 0.3970013037809648 0.0576171875 0.4230769230769231 0.0517578125 0.44328552803129073 0.046875 0.45045632333767927 0.02783203125 0.4654498044328553 0.0078125 0.4745762711864407 0 0.47392438070404175 0 0.35071707953063885 0.01123046875 0.3500651890482399
2 0.6376953125 0 0.720703125 0 0.71826171875 0.00651890482398957 0.70703125 0.01694915254237288 0.69287109375 0.024119947848761408 0.66748046875 0.02216427640156454 0.6474609375 0.011734028683181226 0.6376953125 0.000651890482398957
1 0.19384765625 0.30345501955671444 0.2080078125 0.6069100391134289