2 0.15966796875 0.3979791395045632 0.068359375 0.17340286831812254
2 0.739990234375 0.19947848761408082 0.111328125 0.19752281616688397
2 0.830078125 0.204367666232073 0.0693359375 0.2138200782268579
2 0.15966796875 0.7871577574967406 0.068359375 0.1714471968709257
2 0.1689453125 0.9527379400260756 0.076171875 0.09452411994784876
2 0.2470703125 0.7767275097783573 0.09716796875 0.19295958279009126
2 0.313232421875 0.8653846153846154 0.08642578125 0.14732724902216426
2 0.2666015625 0.9322033898305084 0.130859375 0.13559322033898305
2 0.418212890625 0.8252933507170795 0.11376953125 0.19230769230769232
2 0.5537109375 0.8758148631029987 0.10888671875 0.16101694915254236
2 0.472412109375 0.9592568448500652 0.14306640625 0.08148631029986962
2 0.679443359375 0.9485006518904824 0.13037109375 0.10299869621903521