2 0.21923828125 0.20632333767926989 0.1279296875 0.14471968709256844
2 0.357177734375 0.15938722294654498 0.115234375 0.1727509778357236
2 0.193359375 0.36277705345501954 0.14990234375 0.13885267275097785
2 0.3125 0.32790091264667537 0.1025390625 0.20404172099087353
2 0.45556640625 0.303129074315515 0.1318359375 0.17405475880052151
2 0.3837890625 0.4253585397653194 0.14404296875 0.19752281616688397
2 0.252685546875 0.5358539765319427 0.14306640625 0.19165580182529335
2 0.353515625 0.6091916558018253 0.13525390625 0.16753585397653195
2 0.4921875 0.5501955671447197 0.1142578125 0.16753585397653195
2 0.490234375 0.6877444589308996 0.115234375 0.12059973924380704
2 0.3740234375 0.7431551499348109 0.126953125 0.13233376792698825
2 0.28369140625 0.690677966101695 0.0546875 0.09647979139504563