2 0.2192233727810651 0.20617575584579897 0.127793392504931 0.1446393515554081
2 0.3570833333333333 0.1592770830279606 0.11505670611439844 0.1726278001074912
2 0.19333579881656804 0.36277347898649676 0.14998274161735703 0.13854660566926139
2 0.3125 0.3279385088551672 0.10231755424063116 0.20382884724675915
2 0.45549802761341224 0.3032581152007488 0.13190335305719925 0.17422093301343122
2 0.3837943786982249 0.4252973623508174 0.14381903353057202 0.19776243413591726
2 0.2527120315581854 0.5358193119019515 0.14299802761341227 0.19168614623433597
2 0.35359220907297834 0.6093206709714584 0.13518984220907304 0.16752582489218734
2 0.4922756410256411 0.5500818013264107 0.11423323471400393 0.16754886607057903
2 0.49021942800788953 0.687759425410614 0.11505670611439839 0.12032432515834378
2 0.37413708086785014 0.7431570014580745 0.1269723865877712 0.13237156986028709
2 0.2837352071005917 0.6907811113768391 0.05465236686390529 0.09674003327598758