2 0.033447265625 0.23565840938722293 0.06689453125 0.16753585397653195
2 0.4236513806706114 0.045595200440251095 0.12984960552268243 0.09119040088050219
2 0.27490138067061143 0.8203679902486442 0.14792899408284022 0.14854318549434373
2 0.2785996055226825 0.9405277355613331 0.16025641025641024 0.09261895394078738
2 0.7151947731755425 0.045595200440251095 0.12861686390532534 0.09119040088050219
2 0.862302761341223 0.05794198046128645 0.11711045364891515 0.10162147149811375
2 0.7071819526627219 0.16247322363057998 0.14464250493096653 0.12964283601932786
2 0.77375 0.2508131015843382 0.11012573964497041 0.11540997096708665
2 0.8403180473372781 0.18826617704162588 0.13478057199211047 0.17464554901522109
2 0.9530325443786982 0.1270852652178497 0.09393491124260356 0.18724249040165197
2 0.7437549309664695 0.3907323031663619 0.14381903353057202 0.15167678575561433
2 0.7815581854043393 0.5718030493559528 0.12080867850098609 0.14515942386767777
2 0.8713436883629192 0.4631671848360244 0.11546597633136102 0.19120886468193662
2 0.9585798816568047 0.4178978524901702 0.08284023668639051 0.17637692899151125
2 0.962646484375 0.5912646675358539 0.07470703125 0.14471968709256844
2 0.8575764299802762 0.7394342053493592 0.11998767258382648 0.1742999313393456