1 0.644287109375 0.5 0.46044921875 0.8696219035202086
2 0.7626953125 0.8989569752281616 0.79296875 0.9113428943937418 0.80615234375 0.9269882659713168 0.8154296875 0.9458930899608866 0.81884765625 0.9582790091264668 0.82275390625 0.9823989569752282 0.82177734375 0.999348109517601 0.71142578125 0.999348109517601 0.7080078125 0.9797913950456323 0.70751953125 0.9602346805736637 0.7099609375 0.9445893089960886 0.71728515625 0.9256844850065189 0.72509765625 0.9139504563233377 0.734375 0.9061277705345502 0.75439453125 0.8983050847457628 0.76220703125 0.8989569752281616
2 0.21044921875 0.30834419817470665 0.220703125 0.3161668839634941 0.22607421875 0.32920469361147325 0.2255859375 0.34810951760104303 0.21826171875 0.35853976531942633 0.2109375 0.35071707953063885 0.19921875 0.3520208604954368 0.1953125 0.3500651890482399 0.1904296875 0.3396349413298566 0.18994140625 0.3285528031290743 0.1943359375 0.31877444589308995 0.20263671875 0.3089960886571056 0.2099609375 0.30834419817470665
2 0.13134765625 0.4302477183833116 0.13818359375 0.45827900912646674 0.1484375 0.47392438070404175 0.1494140625 0.4784876140808344 0.14013671875 0.5117340286831812 0.13427734375 0.5208604954367666 0.12841796875 0.5254237288135594 0.1259765625 0.5254237288135594 0.1259765625 0.42894393741851367 0.130859375 0.4302477183833116
2 0.20166015625 0.3116036505867014 0.212890625 0.3109517601043025 0.22216796875 0.32073011734028684 0.22607421875 0.3396349413298566 0.22412109375 0.34876140808344197 0.2197265625 0.35658409387222945 0.22021484375 0.3644067796610169 0.23486328125 0.38070404172099087 0.2421875 0.39765319426336376 0.24365234375 0.41851368970013036 0.24169921875 0.4302477183833116 0.23974609375 0.43741851368970014 0.22900390625 0.4556714471968709 0.216796875 0.46936114732724904 0.18994140625 0.4869621903520209 0.173828125 0.4876140808344198 0.16162109375 0.4830508474576271 0.14990234375 0.4745762711864407 0.1396484375 0.4602346805736636 0.1318359375 0.42633637548891784 0.12939453125 0.40221642764015647 0.1298828125 0.38722294654498046 0.134765625 0.36962190352020863 0.1396484375 0.35919165580182527 0.1494140625 0.3474576271186441 0.16015625 0.3409387222946545 0.1708984375 0.33833116036505867 0.19189453125 0.34485006518904826 0.201171875 0.34485006518904826 0.2001953125 0.34159061277705344 0.19580078125 0.34028683181225555 0.197265625 0.32985658409387225 0.19384765625 0.32529335071707954 0.19482421875 0.32073011734028684 0.20166015625 0.3122555410691004
2 0.69140625 0.4172099087353325 0.70556640625 0.42046936114732725 0.720703125 0.4315514993481095 0.72802734375 0.4491525423728814 0.73291015625 0.470013037809648 0.734375 0.4876140808344198 0.73876953125 0.4954367666232073 0.73828125 0.5032594524119948 0.73046875 0.5123859191655802 0.72705078125 0.5286831812255541 0.72216796875 0.5384615384615384 0.71484375 0.5482398956975228 0.6982421875 0.5560625814863103 0.6806640625 0.5541069100391134 0.65283203125 0.5358539765319427 0.6357421875 0.5110821382007823 0.62744140625 0.4863102998696219 0.62890625 0.46088657105606257 0.6416015625 0.43546284224250326 0.66650390625 0.4178617992177314 0.69091796875 0.4172099087353325
2 0.1259765625 0.5534550195567145 0.130859375 0.5534550195567145 0.1376953125 0.5580182529335072 0.1533203125 0.5782268578878749 0.15869140625 0.5919165580182529 0.162109375 0.6140808344198174 0.1591796875 0.6440677966101694 0.1533203125 0.6642764015645372 0.14013671875 0.6851368970013038 0.13134765625 0.6923076923076923 0.1259765625 0.6929595827900913 0.1259765625 0.5541069100391134
2 0.17578125 0.03780964797913951 0.19189453125 0.0469361147327249 0.20703125 0.06453715775749674 0.22265625 0.0984354628422425 0.22705078125 0.11342894393741851 0.22900390625 0.13233376792698825 0.2275390625 0.15971316818774445 0.22119140625 0.17861799217731422 0.21533203125 0.1864406779661017 0.205078125 0.19361147327249023 0.18505859375 0.19621903520208606 0.173828125 0.19556714471968709 0.14306640625 0.18252933507170796 0.1259765625 0.16492829204693613 0.1259765625 0.07170795306388526 0.140625 0.050195567144719684 0.14892578125 0.04302477183833116 0.1611328125 0.037157757496740544 0.17529296875 0.03780964797913951
2 0.26220703125 0.6694915254237288 0.283203125 0.681877444589309 0.294921875 0.696870925684485 0.30078125 0.7138200782268579 0.30078125 0.7314211212516297 0.29248046875 0.7705345501955672 0.28369140625 0.7907431551499348 0.27099609375 0.8076923076923077 0.259765625 0.8142112125162972 0.2490234375 0.8148631029986962 0.23876953125 0.8135593220338984 0.22607421875 0.8076923076923077 0.19091796875 0.7705345501955672 0.18408203125 0.7496740547588006 0.18408203125 0.7262059973924381 0.1923828125 0.7014341590612777 0.212890625 0.6786179921773142 0.2216796875 0.6734028683181226 0.2392578125 0.6688396349413298 0.26171875 0.6694915254237288
2 0.61474609375 0.9041720990873533 0.6484375 0.9080834419817471 0.66650390625 0.9282920469361148 0.67724609375 0.9608865710560626 0.6806640625 0.9876140808344198 0.68017578125 0.999348109517601 0.57177734375 0.999348109517601 0.5693359375 0.9902216427640157 0.568359375 0.9687092568448501 0.57421875 0.9413298565840938 0.58154296875 0.9269882659713168 0.59521484375 0.9106910039113429 0.60546875 0.9035202086049544 0.6142578125 0.9041720990873533
2 0.53076171875 0.8415906127770535 0.55908203125 0.8546284224250326 0.5966796875 0.8956975228161669 0.59619140625 0.9009126466753585 0.5869140625 0.910039113428944 0.5693359375 0.9159061277705346 0.55126953125 0.9146023468057366 0.54345703125 0.9113428943937418 0.52978515625 0.8983050847457628 0.50634765625 0.8820078226857888 0.4990234375 0.863754889178618 0.49609375 0.8500651890482399 0.4970703125 0.8455019556714471 0.5009765625 0.8428943937418514 0.5302734375 0.8415906127770535
2 0.12841796875 0.20534550195567144 0.138671875 0.22294654498044328 0.14306640625 0.23663624511082137 0.14404296875 0.25945241199478486 0.142578125 0.2757496740547588 0.13525390625 0.3011734028683181 0.126953125 0.3155149934810952 0.1259765625 0.2046936114732725 0.1279296875 0.20534550195567144
1 0.352783203125 0.8849413298565841 0.45458984375 0.2301173402868318