2 0.15966796875 0.6020208604954368 0.068359375 0.17340286831812254
2 0.739990234375 0.8005215123859192 0.111328125 0.19752281616688397
2 0.830078125 0.795632333767927 0.0693359375 0.2138200782268579
2 0.15966796875 0.21284224250325945 0.068359375 0.1714471968709257
2 0.1689453125 0.04726205997392438 0.076171875 0.09452411994784876
2 0.2470703125 0.22327249022164278 0.09716796875 0.19295958279009126
2 0.313232421875 0.1346153846153846 0.08642578125 0.14732724902216426
2 0.2666015625 0.06779661016949153 0.130859375 0.13559322033898305
2 0.418212890625 0.17470664928292046 0.11376953125 0.19230769230769232
2 0.5537109375 0.12418513689700131 0.10888671875 0.16101694915254236
2 0.472412109375 0.04041720990873533 0.14306640625 0.08083441981747067
2 0.679443359375 0.051173402868318126 0.13037109375 0.10234680573663625