1 0.37980769230769235 0.8102265801593853 0.48594674556213013 0.37754616593248636
1 0.2483974358974359 0.31994321995324904 0.486439842209073 0.6398864399064981
1 0.7137573964497042 0.49010561397282887 0.4339250493096647 0.7651613268221432
1 0.849365234375 0.60625814863103 0.30126953125 0.78748370273794
0 0.6009615384615385 0.4642797445926521 0.2650394477317555 0.36460031527326686
3 0.2275390625 0.18807040417209908 0.275390625 0.37614080834419816
3 0.8704388560157791 0.10486698605442962 0.25912228796844183 0.20973068051194618
0 0.04930966469428008 0.7051620982901696 0.08629191321499013 0.3921213570636899
2 0.06903353057199212 0.0477906955812883 0.1257396449704142 0.0955813911625766
2 0.030613905325443787 0.14985324106575737 0.061225345167652864 0.1504885192699855
2 0.5360379684418146 0.029680329365416116 0.13518984220907293 0.048386474622559274
2 0.6377391518737673 0.06864625362268528 0.158611932938856 0.13728921564845742