1 0.5999753451676529 0.46279852598175736 0.4928500986193294 0.9255970519635147
1 0.8243343195266273 0.47431911517760483 0.3464003944773175 0.8057829243267015
2 0.9951171875 0.09908735332464146 0.99951171875 0.10039113428943937 0.99951171875 0.23598435462842243 0.98388671875 0.19556714471968709 0.9697265625 0.16883963494132986 0.947265625 0.13885267275097785 0.9306640625 0.12320730117340287 0.93505859375 0.11538461538461539 0.9609375 0.10234680573663625 0.9716796875 0.09908735332464146 0.99462890625 0.09908735332464146
2 0.736328125 0.02803129074315515 0.75146484375 0.031942633637548894 0.77978515625 0.05084745762711865 0.7890625 0.060625814863103 0.7958984375 0.08018252933507171 0.7978515625 0.10560625814863103 0.79541015625 0.12320730117340287 0.7900390625 0.13754889178617993 0.78662109375 0.14471968709256844 0.7763671875 0.1558018252933507 0.759765625 0.16623207301173404 0.75537109375 0.16427640156453716 0.72607421875 0.1271186440677966 0.6884765625 0.0938722294654498 0.68603515625 0.08865710560625815 0.68896484375 0.06584093872229466 0.697265625 0.04563233376792699 0.7119140625 0.03259452411994785 0.7197265625 0.028683181225554105 0.73583984375 0.02803129074315515
2 0.20654296875 0.559322033898305 0.22119140625 0.5704041720990873 0.234375 0.590612777053455 0.2392578125 0.6088657105606258 0.23828125 0.6284224250325945 0.23193359375 0.6642764015645372 0.22119140625 0.682529335071708 0.205078125 0.6975228161668839 0.185546875 0.7053455019556715 0.1611328125 0.7033898305084746 0.14697265625 0.696870925684485 0.13134765625 0.6844850065189049 0.1220703125 0.6694915254237288 0.119140625 0.6584093872229465 0.1171875 0.6440677966101694 0.11767578125 0.6277705345501956 0.12109375 0.6121251629726207 0.12939453125 0.5971316818774446 0.13671875 0.5867014341590613 0.15283203125 0.5710560625814863 0.177734375 0.5573663624511083 0.1962890625 0.5554106910039114 0.2060546875 0.559322033898305
2 0 0.06192959582790091 0.0068359375 0.06323337679269883 0.015625 0.06910039113428944 0.02685546875 0.08148631029986962 0.033203125 0.09713168187744459 0.037109375 0.11603650586701435 0.03515625 0.14732724902216426 0.0263671875 0.17470664928292046 0.01318359375 0.19295958279009126 0.00732421875 0.19752281616688397 0 0.19882659713168188 0 0.06258148631029987
2 0.08984375 0.6329856584093873 0.10546875 0.6395045632333768 0.11376953125 0.6466753585397653 0.1181640625 0.665580182529335 0.12841796875 0.6870925684485006 0.12939453125 0.6981747066492829 0.126953125 0.7177314211212517 0.11962890625 0.742503259452412 0.1044921875 0.7666232073011734 0.083984375 0.7809647979139505 0.06494140625 0.7868318122555411 0.0498046875 0.7861799217731421 0.0234375 0.7744458930899609 0.001953125 0.7457627118644068 0 0.7457627118644068 0 0.6883963494132985 0.00244140625 0.6870925684485006 0.00830078125 0.6727509778357236 0.02490234375 0.6499348109517601 0.0400390625 0.6382007822685789 0.06103515625 0.6323337679269883 0.08203125 0.6310299869621904 0.08935546875 0.6329856584093873
2 0.49951171875 0.742503259452412 0.50244140625 0.7503259452411994 0.50390625 0.7926988265971316 0.51220703125 0.7998696219035202 0.5146484375 0.8050847457627118 0.513671875 0.8220338983050848 0.51513671875 0.8285528031290743 0.52978515625 0.8142112125162972 0.53759765625 0.8135593220338984 0.54296875 0.8096479791395046 0.54443359375 0.8246414602346805 0.5400390625 0.8585397653194263 0.5263671875 0.894393741851369 0.50927734375 0.910039113428944 0.4921875 0.9152542372881356 0.470703125 0.9119947848761408 0.45703125 0.9041720990873533 0.43798828125 0.8807040417209909 0.43603515625 0.8715775749674055 0.43896484375 0.863754889178618 0.44921875 0.8611473272490222 0.4638671875 0.848109517601043 0.46630859375 0.8279009126466753 0.47216796875 0.8057366362451108 0.47119140625 0.7829204693611473 0.4736328125 0.7711864406779662 0.48779296875 0.7470664928292047 0.4951171875 0.741851368970013 0.4990234375 0.742503259452412
2 0.8359375 0.5195567144719687 0.8525390625 0.5332464146023468 0.861328125 0.5508474576271186 0.86669921875 0.5717079530638852 0.8671875 0.6036505867014341 0.85986328125 0.6258148631029987 0.84521484375 0.6505867014341591 0.83154296875 0.6636245110821382 0.814453125 0.6694915254237288 0.80029296875 0.666232073011734 0.79345703125 0.6610169491525424 0.79248046875 0.6571056062581486 0.8056640625 0.6284224250325945 0.818359375 0.5919165580182529 0.826171875 0.5612777053455019 0.8330078125 0.5221642764015645 0.83544921875 0.5195567144719687
2 0.27880859375 0.5938722294654498 0.287109375 0.5932203389830508 0.30712890625 0.6016949152542372 0.3251953125 0.6205997392438071 0.341796875 0.6551499348109517 0.34521484375 0.6707953063885267 0.34521484375 0.68122555410691 0.33837890625 0.7059973924380704 0.32861328125 0.7235984354628422 0.3310546875 0.7294654498044328 0.33837890625 0.7340286831812256 0.3427734375 0.741199478487614 0.34228515625 0.7503259452411994 0.33935546875 0.7561929595827901 0.33203125 0.7568448500651891 0.3212890625 0.7496740547588006 0.31494140625 0.7522816166883963 0.3037109375 0.7496740547588006 0.2890625 0.758800521512386 0.2763671875 0.7607561929595827 0.2587890625 0.7542372881355932 0.2412109375 0.7307692307692307 0.2333984375 0.6936114732724902 0.2333984375 0.6649282920469362 0.23974609375 0.6297262059973925 0.2470703125 0.6108213820078227 0.26171875 0.5977835723598436 0.2783203125 0.5938722294654498
2 0 0.46153846153846156 0.00341796875 0.46284224250325945 0.0166015625 0.4791395045632334 0.02490234375 0.4980443285528031 0.021484375 0.529986962190352 0.0107421875 0.5469361147327249 0 0.5541069100391134 0 0.4621903520208605
2 0.666015625 0 0.76953125 0 0.75927734375 0.022816166883963495 0.751953125 0.02998696219035202 0.72314453125 0.02607561929595828 0.71142578125 0.03129074315514994 0.6962890625 0.04432855280312908 0.68603515625 0.04106910039113429 0.67822265625 0.03389830508474576 0.66943359375 0.01955671447196871 0.666015625 0.000651890482398957
2 0.8876953125 0 0.94580078125 0 0.95556640625 0.018904823989569754 0.95849609375 0.03911342894393742 0.95654296875 0.06453715775749674 0.9501953125 0.08539765319426336 0.93212890625 0.11408083441981746 0.92529296875 0.11864406779661017 0.908203125 0.10951760104302477 0.8974609375 0.10886571056062581 0.87646484375 0.11538461538461539 0.86669921875 0.121251629726206 0.86328125 0.11994784876140809 0.8583984375 0.11277705345501955 0.849609375 0.08409387222946545 0.84814453125 0.07496740547588006 0.84912109375 0.051499348109517604 0.85595703125 0.033246414602346806 0.8662109375 0.018904823989569754 0.8876953125 0.000651890482398957