1 0.599853515625 0.5371577574967406 0.49267578125 0.9256844850065189
1 0.82421875 0.5257496740547588 0.34619140625 0.8057366362451108
2 0.94091796875 0.8657105606258149 0.9580078125 0.847457627118644 0.9755859375 0.8207301173402868 0.99951171875 0.7633637548891786 0.99951171875 0.8989569752281616 0.9716796875 0.9002607561929595 0.93603515625 0.8846153846153846 0.9306640625 0.878748370273794 0.9306640625 0.8761408083441982 0.94091796875 0.8663624511082139
2 0.76171875 0.833767926988266 0.783203125 0.8500651890482399 0.79345703125 0.8702737940026075 0.7978515625 0.89374185136897 0.7958984375 0.9191655801825294 0.7890625 0.9387222946544981 0.77978515625 0.9485006518904824 0.75146484375 0.9674054758800521 0.736328125 0.9713168187744459 0.7197265625 0.970664928292047 0.7119140625 0.9667535853976532 0.697265625 0.953715775749674 0.68896484375 0.9335071707953064 0.68603515625 0.9106910039113429 0.6884765625 0.9054758800521513 0.72607421875 0.8722294654498044 0.75537109375 0.8350717079530638 0.76123046875 0.833767926988266
2 0.189453125 0.29465449804432853 0.20068359375 0.29921773142112124 0.21435546875 0.3089960886571056 0.23095703125 0.3324641460234681 0.23583984375 0.3546284224250326 0.2392578125 0.38722294654498046 0.236328125 0.4041720990873533 0.22509765625 0.424380704041721 0.208984375 0.438722294654498 0.1962890625 0.4439374185136897 0.171875 0.44002607561929596 0.14404296875 0.42046936114732725 0.123046875 0.3917861799217731 0.1171875 0.36766623207301175 0.1181640625 0.34615384615384615 0.12158203125 0.33116036505867014 0.13134765625 0.31486310299869624 0.14697265625 0.30247718383311606 0.16455078125 0.29465449804432853 0.18896484375 0.29465449804432853
2 0.00830078125 0.8024771838331161 0.02099609375 0.8155149934810951 0.03271484375 0.8402868318122555 0.037109375 0.8650586701434159 0.037109375 0.8833116036505867 0.033203125 0.9022164276401564 0.02685546875 0.9178617992177314 0.015625 0.9302477183833116 0.00341796875 0.9374185136897001 0 0.9374185136897001 0 0.8005215123859192 0.0078125 0.8024771838331161
2 0.0703125 0.2138200782268579 0.09716796875 0.22620599739243807 0.11328125 0.24445893089960888 0.123046875 0.26597131681877445 0.12939453125 0.3011734028683181 0.12841796875 0.3122555410691004 0.1181640625 0.33376792698826596 0.11376953125 0.35267275097783574 0.1005859375 0.3624511082138201 0.08203125 0.3683181225554107 0.05224609375 0.36571056062581486 0.0361328125 0.35853976531942633 0.02490234375 0.3494132985658409 0.00830078125 0.32659713168187743 0.00244140625 0.3122555410691004 0 0.3109517601043025 0 0.25358539765319427 0.001953125 0.25358539765319427 0.0234375 0.22490221642764016 0.0498046875 0.21316818774445892 0.06982421875 0.2138200782268579
2 0.4921875 0.08409387222946545 0.50927734375 0.08930899608865711 0.5263671875 0.10495436766623208 0.5400390625 0.1408083441981747 0.54443359375 0.17470664928292046 0.54296875 0.1897001303780965 0.53759765625 0.18578878748370273 0.52978515625 0.18513689700130379 0.51513671875 0.17079530638852672 0.513671875 0.1773142112125163 0.5146484375 0.19426336375488917 0.51220703125 0.19947848761408082 0.50390625 0.20664928292046936 0.50244140625 0.24902216427640156 0.50146484375 0.25488917861799215 0.49853515625 0.25749674054758803 0.48779296875 0.2522816166883963 0.4736328125 0.22816166883963493 0.47119140625 0.21642764015645372 0.47216796875 0.19361147327249023 0.46630859375 0.1714471968709257 0.4638671875 0.15123859191655803 0.44921875 0.13820078226857888 0.43896484375 0.13559322033898305 0.43603515625 0.12777053455019557 0.43798828125 0.11864406779661017 0.45703125 0.09517601043024772 0.470703125 0.08735332464146023 0.49169921875 0.08409387222946545
2 0.814453125 0.32985658409387225 0.83154296875 0.33572359843546284 0.84521484375 0.34876140808344197 0.85986328125 0.37353324641460234 0.8671875 0.3956975228161669 0.86669921875 0.4276401564537158 0.861328125 0.4485006518904824 0.8525390625 0.4661016949152542 0.8359375 0.47979139504563234 0.8330078125 0.4771838331160365 0.826171875 0.4380704041720991 0.818359375 0.4074315514993481 0.8056640625 0.3709256844850065 0.79248046875 0.34224250325945244 0.79345703125 0.33833116036505867 0.80029296875 0.333116036505867 0.81396484375 0.32985658409387225
2 0.2763671875 0.23859191655801826 0.2890625 0.2405475880052151 0.3037109375 0.24967405475880053 0.310546875 0.2470664928292047 0.3212890625 0.24967405475880053 0.33447265625 0.24185136897001303 0.33935546875 0.24315514993481094 0.341796875 0.2470664928292047 0.341796875 0.2607561929595828 0.3310546875 0.26988265971316816 0.32861328125 0.2757496740547588 0.341796875 0.303129074315515 0.34521484375 0.318122555410691 0.34521484375 0.3285528031290743 0.33984375 0.3494132985658409 0.326171875 0.3774445893089961 0.31201171875 0.39374185136897 0.30126953125 0.40091264667535853 0.287109375 0.4061277705345502 0.27197265625 0.40547588005215124 0.26171875 0.4015645371577575 0.25 0.3924380704041721 0.23974609375 0.36962190352020863 0.2333984375 0.3344198174706649 0.2333984375 0.3057366362451108 0.23779296875 0.2803129074315515 0.2412109375 0.2685788787483703 0.2587890625 0.24511082138200782 0.27587890625 0.2392438070404172
2 0 0.4452411994784876 0.0087890625 0.45045632333767927 0.01904296875 0.4641460234680574 0.0224609375 0.4726205997392438 0.02490234375 0.4934810951760104 0.02490234375 0.5013037809647979 0.021484375 0.5117340286831812 0.01220703125 0.5260756192959583 0 0.5378096479791395 0 0.44589308996088656
2 0.697265625 0.9556714471968709 0.71142578125 0.9680573663624511 0.72314453125 0.9732724902216427 0.751953125 0.969361147327249 0.75927734375 0.9765319426336375 0.76953125 0.999348109517601 0.666015625 0.999348109517601 0.66943359375 0.9797913950456323 0.67822265625 0.9654498044328553 0.69091796875 0.9556714471968709 0.69677734375 0.9556714471968709
2 0.86767578125 0.878748370273794 0.87646484375 0.8839634941329857 0.8974609375 0.8904823989569752 0.908203125 0.8898305084745762 0.92578125 0.8807040417209909 0.939453125 0.894393741851369 0.9501953125 0.9139504563233377 0.95654296875 0.9348109517601043 0.95849609375 0.9485006518904824 0.95703125 0.9752281616688396 0.94580078125 0.999348109517601 0.8876953125 0.999348109517601 0.88720703125 0.9967405475880052 0.869140625 0.983702737940026 0.85595703125 0.9661016949152542 0.84912109375 0.9478487614080835 0.84814453125 0.924380704041721 0.8583984375 0.8865710560625815 0.8623046875 0.8800521512385919 0.8671875 0.878748370273794