2 0.7900390625 0.2926988265971317 0.7998046875 0.29726205997392435 0.80908203125 0.30638852672750977 0.82177734375 0.32659713168187743 0.82861328125 0.3494132985658409 0.82861328125 0.3741851368970013 0.8212890625 0.4002607561929596 0.80615234375 0.41916558018252936 0.80078125 0.423728813559322 0.79052734375 0.42698826597131684 0.775390625 0.4282920469361147 0.75634765625 0.423728813559322 0.7490234375 0.41916558018252936 0.740234375 0.41003911342894395 0.73974609375 0.4048239895697523 0.748046875 0.40091264667535853 0.7626953125 0.38852672750977835 0.77490234375 0.3683181225554107 0.78125 0.3324641460234681 0.78125 0.3200782268578879 0.7763671875 0.29335071707953064 0.77734375 0.29139504563233376 0.78955078125 0.2926988265971317
2 0.6650390625 0.3624511082138201 0.68408203125 0.3924380704041721 0.703125 0.41003911342894395 0.705078125 0.4132985658409387 0.70654296875 0.4282920469361147 0.703125 0.45045632333767927 0.689453125 0.47522816166883963 0.671875 0.49282920469361147 0.64990234375 0.4980443285528031 0.64013671875 0.4973924380704042 0.62646484375 0.4915254237288136 0.61279296875 0.4758800521512386 0.60595703125 0.46284224250325945 0.6005859375 0.4439374185136897 0.6005859375 0.41916558018252936 0.60546875 0.39895697522816165 0.61328125 0.3852672750977836 0.62451171875 0.37222946544980445 0.64306640625 0.3624511082138201 0.66455078125 0.3624511082138201
2 0.267578125 0.2900912646675359 0.2763671875 0.29335071707953064 0.2880859375 0.30247718383311606 0.3017578125 0.3213820078226858 0.306640625 0.33833116036505867 0.30810546875 0.3520208604954368 0.30712890625 0.3683181225554107 0.30517578125 0.3728813559322034 0.31494140625 0.39048239895697523 0.31591796875 0.40091264667535853 0.31201171875 0.41460234680573665 0.30712890625 0.4211212516297262 0.30078125 0.4217731421121252 0.2880859375 0.4172099087353325 0.279296875 0.4282920469361147 0.2587890625 0.43415906127770537 0.25146484375 0.43415906127770537 0.2392578125 0.42894393741851367 0.22314453125 0.4165580182529335 0.212890625 0.4041720990873533 0.20751953125 0.39374185136897 0.19921875 0.36310299869621904 0.19873046875 0.3435462842242503 0.2021484375 0.3285528031290743 0.2080078125 0.3155149934810952 0.2236328125 0.2953063885267275 0.2431640625 0.28748370273794005 0.2548828125 0.28683181225554105 0.26708984375 0.2900912646675359
2 0.7373046875 0.1544980443285528 0.7509765625 0.16166883963494133 0.76171875 0.17666232073011734 0.76953125 0.19556714471968709 0.77099609375 0.20534550195567144 0.77001953125 0.22099087353324642 0.76416015625 0.23989569752281617 0.75634765625 0.24837027379400262 0.7392578125 0.23728813559322035 0.71630859375 0.23468057366362452 0.7001953125 0.24119947848761408 0.68994140625 0.2503259452411995 0.68408203125 0.24967405475880053 0.6630859375 0.22099087353324642 0.662109375 0.20795306388526727 0.6640625 0.20078226857887874 0.68359375 0.18252933507170796 0.7060546875 0.15645371577574968 0.71728515625 0.15254237288135594 0.73681640625 0.1544980443285528
2 0.3974609375 0.9882659713168188 0.40966796875 0.999348109517601 0.37060546875 0.999348109517601 0.38720703125 0.9889178617992177 0.39697265625 0.9882659713168188
2 0.1259765625 0.34159061277705344 0.1416015625 0.3539765319426336 0.15625 0.37614080834419816 0.16650390625 0.4061277705345502 0.16748046875 0.4276401564537158 0.16650390625 0.438722294654498 0.158203125 0.4556714471968709 0.134765625 0.4726205997392438 0.1259765625 0.47327249022164275 0.1259765625 0.34224250325945244
2 0.4365234375 0.44002607561929596 0.45849609375 0.455019556714472 0.47119140625 0.47327249022164275 0.4814453125 0.5071707953063885 0.482421875 0.5436766623207301 0.47607421875 0.5677966101694916 0.4697265625 0.5814863102998696 0.4599609375 0.5951760104302477 0.447265625 0.6049543676662321 0.42919921875 0.6114732724902217 0.40185546875 0.6069100391134289 0.384765625 0.5951760104302477 0.3681640625 0.5717079530638852 0.36328125 0.559973924380704 0.35986328125 0.530638852672751 0.361328125 0.5104302477183833 0.36474609375 0.4973924380704042 0.37255859375 0.4791395045632334 0.38330078125 0.4641460234680574 0.41064453125 0.4426336375488918 0.423828125 0.438722294654498 0.43603515625 0.44002607561929596
2 0.72705078125 0.23663624511082137 0.7470703125 0.24185136897001303 0.763671875 0.26140808344198174 0.77490234375 0.2900912646675359 0.7802734375 0.32790091264667537 0.77490234375 0.36310299869621904 0.7626953125 0.38657105606258146 0.74560546875 0.4002607561929596 0.72265625 0.408735332464146 0.70361328125 0.4067796610169492 0.68115234375 0.3878748370273794 0.66748046875 0.3624511082138201 0.66259765625 0.3389830508474576 0.66259765625 0.3200782268578879 0.67626953125 0.27509778357235987 0.6875 0.25488917861799215 0.70263671875 0.2405475880052151 0.71484375 0.23598435462842243 0.7265625 0.23663624511082137
2 0.6484375 0.21577574967405475 0.666015625 0.227509778357236 0.673828125 0.23989569752281617 0.68017578125 0.25749674054758803 0.6787109375 0.2666232073011734 0.6748046875 0.2737940026075619 0.66162109375 0.3161668839634941 0.6611328125 0.3344198174706649 0.654296875 0.3409387222946545 0.63720703125 0.34419817470664926 0.61376953125 0.3409387222946545 0.5966796875 0.33116036505867014 0.58447265625 0.30834419817470665 0.58251953125 0.28748370273794005 0.5927734375 0.2529335071707953 0.607421875 0.23272490221642764 0.61865234375 0.22359843546284225 0.64208984375 0.2151238591916558 0.64794921875 0.21577574967405475
2 0.51611328125 0.4067796610169492 0.53271484375 0.41003911342894395 0.5390625 0.4172099087353325 0.57861328125 0.5247718383311604 0.5791015625 0.529986962190352 0.57568359375 0.5319426336375489 0.5615234375 0.5528031290743155 0.541015625 0.559973924380704 0.5224609375 0.5554106910039114 0.5 0.5358539765319427 0.4853515625 0.5084745762711864 0.478515625 0.48565840938722293 0.47607421875 0.4530638852672751 0.484375 0.423728813559322 0.494140625 0.41460234680573665 0.515625 0.4067796610169492
2 0.44921875 0.8363754889178618 0.46240234375 0.8402868318122555 0.4775390625 0.8539765319426337 0.4912109375 0.8741851368970013 0.501953125 0.9054758800521513 0.50146484375 0.9315514993481095 0.49658203125 0.9524119947848761 0.48388671875 0.9797913950456323 0.4755859375 0.9902216427640157 0.462890625 0.999348109517601 0.41162109375 0.999348109517601 0.39501953125 0.9823989569752282 0.3857421875 0.9608865710560626 0.38232421875 0.9458930899608866 0.38232421875 0.9230769230769231 0.38623046875 0.8996088657105606 0.39208984375 0.8846153846153846 0.40625 0.8591916558018253 0.41552734375 0.848109517601043 0.42626953125 0.8409387222946545 0.439453125 0.8363754889178618 0.44873046875 0.8363754889178618
2 0.20947265625 0.8748370273794003 0.22412109375 0.8826597131681877 0.24365234375 0.9002607561929595 0.26025390625 0.9322033898305084 0.26513671875 0.953715775749674 0.26513671875 0.9667535853976532 0.2626953125 0.9817470664928292 0.255859375 0.999348109517601 0.146484375 0.999348109517601 0.14501953125 0.9719687092568449 0.14892578125 0.9517601043024772 0.1435546875 0.9328552803129074 0.13720703125 0.9276401564537158 0.1376953125 0.9211212516297262 0.14013671875 0.9178617992177314 0.15869140625 0.9204693611473272 0.16796875 0.8963494132985659 0.17626953125 0.8846153846153846 0.1923828125 0.8754889178617992 0.208984375 0.8748370273794003
0 0.474609375 0 0.765625 0 0.76025390625 0.037157757496740544 0.7451171875 0.0847457627118644 0.7275390625 0.11994784876140809 0.7080078125 0.14993481095176012 0.68359375 0.17992177314211213 0.66162109375 0.2001303780964798 0.63427734375 0.21642764015645372 0.61083984375 0.22490221642764016 0.5751953125 0.22294654498044328 0.55078125 0.2151238591916558 0.517578125 0.18839634941329855 0.4990234375 0.16297262059973924 0.48388671875 0.12516297262059975 0.4765625 0.09126466753585398 0.4716796875 0.04954367666232073 0.47216796875 0.01955671447196871 0.474609375 0.000651890482398957