3 0.33972633136094676 0.7080685783644363 0.2973027613412229 0.40452080263533485
2 0.65625 0 0.76025390625 0 0.75390625 0.017601043024771838 0.7412109375 0.03259452411994785 0.73095703125 0.03911342894393742 0.70166015625 0.0469361147327249 0.68212890625 0.04563233376792699 0.669921875 0.03650586701434159 0.6640625 0.028683181225554105 0.65576171875 0.009778357235984355 0.65478515625 0.0045632333767926985 0.65625 0.000651890482398957
2 0.54345703125 0.1831812255541069 0.55810546875 0.18904823989569752 0.56689453125 0.19621903520208606 0.5712890625 0.2033898305084746 0.57861328125 0.22685788787483702 0.57861328125 0.2620599739243807 0.5751953125 0.2692307692307692 0.5751953125 0.2770534550195567 0.57177734375 0.2894393741851369 0.5654296875 0.3057366362451108 0.55029296875 0.3246414602346806 0.53173828125 0.333116036505867 0.5224609375 0.3324641460234681 0.5087890625 0.3246414602346806 0.498046875 0.31421121251629724 0.48974609375 0.3005215123859192 0.48046875 0.26010430247718386 0.4794921875 0.2379400260756193 0.484375 0.21447196870925683 0.4951171875 0.19882659713168188 0.5283203125 0.18383311603650587 0.54296875 0.1831812255541069
2 0.529296875 0.4361147327249022 0.55029296875 0.4471968709256845 0.564453125 0.4641460234680574 0.57421875 0.4895697522816167 0.57421875 0.5123859191655802 0.5654296875 0.5443285528031291 0.55029296875 0.5651890482398957 0.53369140625 0.5788787483702738 0.51953125 0.5821382007822686 0.494140625 0.5788787483702738 0.4736328125 0.5638852672750978 0.4619140625 0.5436766623207301 0.455078125 0.5032594524119948 0.462890625 0.47392438070404175 0.4814453125 0.4491525423728814 0.50634765625 0.43415906127770537 0.52294921875 0.4335071707953064 0.52880859375 0.4361147327249022
2 0.99951171875 0.03780964797913951 0.99951171875 0.1727509778357236 0.9775390625 0.19295958279009126 0.9609375 0.1981747066492829 0.9501953125 0.1981747066492829 0.93212890625 0.19295958279009126 0.9111328125 0.17079530638852672 0.90087890625 0.15123859191655803 0.8955078125 0.13233376792698825 0.89453125 0.1166883963494133 0.896484375 0.10691003911342895 0.9072265625 0.0710560625814863 0.91845703125 0.056714471968709254 0.92431640625 0.052803129074315516 0.96533203125 0.039765319426336376 0.98583984375 0.03650586701434159 0.9990234375 0.03780964797913951
2 0.36767578125 0 0.4873046875 0 0.4794921875 0.029335071707953065 0.466796875 0.05345501955671447 0.44873046875 0.07170795306388526 0.43115234375 0.0788787483702738 0.41162109375 0.07757496740547588 0.390625 0.06192959582790091 0.3798828125 0.044980443285528034 0.373046875 0.028683181225554105 0.36962890625 0.017601043024771838 0.36767578125 0.000651890482398957
2 0.3388671875 0.09908735332464146 0.3505859375 0.10234680573663625 0.35498046875 0.10104302477183832 0.3603515625 0.08148631029986962 0.36328125 0.07822685788787484 0.36767578125 0.07822685788787484 0.37060546875 0.10886571056062581 0.38427734375 0.11603650586701435 0.3984375 0.1303780964797914 0.4052734375 0.14341590612777053 0.4111328125 0.1681877444589309 0.40771484375 0.19882659713168188 0.4013671875 0.21903520208604954 0.39501953125 0.2301173402868318 0.38671875 0.24185136897001303 0.37548828125 0.2522816166883963 0.3544921875 0.25945241199478486 0.341796875 0.25684485006518903 0.33544921875 0.2529335071707953 0.31640625 0.22685788787483702 0.30615234375 0.1981747066492829 0.30224609375 0.1714471968709257 0.3017578125 0.14797913950456323 0.3037109375 0.13363754889178617 0.30810546875 0.12059973924380704 0.32421875 0.10234680573663625 0.33837890625 0.09908735332464146
2 0.6337890625 0.2953063885267275 0.65185546875 0.30247718383311606 0.66796875 0.31747066492829207 0.68408203125 0.34159061277705344 0.6904296875 0.3644067796610169 0.689453125 0.38461538461538464 0.685546875 0.40221642764015647 0.6796875 0.41199478487614083 0.66943359375 0.4217731421121252 0.66162109375 0.4380704041720991 0.65673828125 0.44002607561929596 0.6474609375 0.43415906127770537 0.63134765625 0.439374185136897 0.61328125 0.4361147327249022 0.59521484375 0.41460234680573665 0.58837890625 0.3983050847457627 0.5849609375 0.38005215123859193 0.5849609375 0.3474576271186441 0.59619140625 0.31421121251629724 0.60498046875 0.303129074315515 0.611328125 0.29921773142112124 0.63330078125 0.2953063885267275
2 0.498046875 0.0710560625814863 0.5166015625 0.07692307692307693 0.52978515625 0.0847457627118644 0.54052734375 0.09582790091264667 0.55029296875 0.11408083441981746 0.55322265625 0.14602346805736635 0.55029296875 0.16101694915254236 0.54296875 0.17470664928292046 0.533203125 0.17535853976531943 0.5224609375 0.18578878748370273 0.50439453125 0.19165580182529335 0.48779296875 0.20208604954367665 0.47802734375 0.19752281616688397 0.462890625 0.17926988265971316 0.45458984375 0.1544980443285528 0.4521484375 0.1290743155149935 0.45703125 0.10495436766623208 0.4677734375 0.0847457627118644 0.48046875 0.07496740547588006 0.49755859375 0.0710560625814863
2 0.12158203125 0.46088657105606257 0.1376953125 0.4641460234680574 0.1572265625 0.4765319426336376 0.16845703125 0.4973924380704042 0.17138671875 0.5247718383311604 0.1689453125 0.5371577574967406 0.16162109375 0.5547588005215124 0.150390625 0.5717079530638852 0.1376953125 0.5827900912646675 0.1201171875 0.590612777053455 0.103515625 0.5886571056062582 0.0849609375 0.5788787483702738 0.0732421875 0.5684485006518905 0.060546875 0.5475880052151239 0.05615234375 0.5338983050847458 0.05615234375 0.5234680573663625 0.06396484375 0.4941329856584094 0.07666015625 0.4771838331160365 0.09521484375 0.4654498044328553 0.12109375 0.46088657105606257
2 0.58056640625 0.589960886571056 0.591796875 0.5951760104302477 0.60205078125 0.6049543676662321 0.61279296875 0.6271186440677966 0.6201171875 0.6479791395045632 0.62255859375 0.6701434159061278 0.6220703125 0.6903520208604954 0.6201171875 0.6994784876140808 0.61279296875 0.7151238591916558 0.60302734375 0.7249022164276402 0.58837890625 0.7327249022164276 0.57177734375 0.7346805736636245 0.5576171875 0.7327249022164276 0.54345703125 0.7262059973924381 0.533203125 0.7177314211212517 0.52490234375 0.7066492829204694 0.51416015625 0.682529335071708 0.51220703125 0.6538461538461539 0.52197265625 0.6251629726205997 0.54052734375 0.6016949152542372 0.55029296875 0.5945241199478487 0.56103515625 0.590612777053455 0.580078125 0.589960886571056
2 0.55078125 0.771838331160365 0.5673828125 0.7816166883963495 0.58154296875 0.8018252933507171 0.59228515625 0.8298565840938722 0.59716796875 0.8722294654498044 0.59375 0.894393741851369 0.58447265625 0.9139504563233377 0.56787109375 0.9263363754889179 0.55126953125 0.9302477183833116 0.54150390625 0.9289439374185137 0.52880859375 0.9217731421121251 0.50537109375 0.9009126466753585 0.494140625 0.8826597131681877 0.48681640625 0.8526727509778357 0.48828125 0.8220338983050848 0.49658203125 0.8011734028683182 0.50830078125 0.7822685788787483 0.51806640625 0.7731421121251629 0.52734375 0.7692307692307693 0.55029296875 0.771838331160365
2 0.9912109375 0.5280312907431551 0.99951171875 0.530638852672751 0.99951171875 0.6675358539765319 0.99658203125 0.6681877444589309 0.98291015625 0.6681877444589309 0.97412109375 0.6649282920469362 0.962890625 0.6590612777053455 0.953125 0.6486310299869622 0.935546875 0.6205997392438071 0.931640625 0.60625814863103 0.92822265625 0.5782268578878749 0.9287109375 0.5684485006518905 0.93408203125 0.5528031290743155 0.94580078125 0.5352020860495437 0.9658203125 0.5267275097783573 0.99072265625 0.5280312907431551
2 0.869140625 0.35658409387222945 0.89013671875 0.36310299869621904 0.9033203125 0.3728813559322034 0.9150390625 0.3917861799217731 0.9228515625 0.4198174706649283 0.921875 0.45045632333767927 0.916015625 0.4680573663624511 0.900390625 0.48891786179921776 0.88818359375 0.49478487614080835 0.853515625 0.49282920469361147 0.83544921875 0.48565840938722293 0.81689453125 0.46479791395045633 0.81005859375 0.44589308996088656 0.80810546875 0.41851368970013036 0.81396484375 0.3983050847457627 0.8203125 0.3852672750977836 0.84521484375 0.36114732724902215 0.859375 0.35658409387222945 0.86865234375 0.35658409387222945
2 0.80615234375 0 0.90576171875 0 0.9091796875 0.02216427640156454 0.9091796875 0.048239895697522815 0.90576171875 0.07040417209908735 0.89892578125 0.0938722294654498 0.89208984375 0.10886571056062581 0.869140625 0.12451108213820078 0.8505859375 0.12516297262059975 0.83740234375 0.12059973924380704 0.82470703125 0.11147327249022164 0.806640625 0.08865710560625815 0.79736328125 0.07170795306388526 0.79296875 0.05215123859191656 0.79345703125 0.031942633637548894 0.796875 0.016297262059973925 0.80615234375 0.000651890482398957