1 0.6201171875 0.8102998696219035 0.48583984375 0.3774445893089961
1 0.751708984375 0.3200782268578879 0.486328125 0.6401564537157758
1 0.2861328125 0.49022164276401564 0.43408203125 0.7653194263363755
1 0.150634765625 0.60625814863103 0.30126953125 0.78748370273794
0 0.39892578125 0.4641460234680574 0.26513671875 0.3644067796610169
3 0.7724609375 0.18807040417209908 0.275390625 0.37614080834419816
3 0.129638671875 0.10495436766623208 0.25927734375 0.20990873533246415
0 0.95068359375 0.7050195567144719 0.08642578125 0.3924380704041721
2 0.930908203125 0.04791395045632334 0.1259765625 0.09582790091264667
2 0.969482421875 0.14993481095176012 0.06103515625 0.15058670143415906
2 0.4638671875 0.029661016949152543 0.13525390625 0.048239895697522815
2 0.3623046875 0.06877444589308997 0.15869140625 0.13754889178617993