3 0.34423828125 0.7138200782268579 0.30322265625 0.3970013037809648
2 0.85693359375 0.22294654498044328 0.03515625 0.14146023468057367
2 0.69189453125 0.39374185136897 0.70654296875 0.3956975228161669 0.72412109375 0.4067796610169492 0.732421875 0.42242503259452413 0.73779296875 0.44654498044328556 0.73046875 0.49022164276401564 0.72412109375 0.5084745762711864 0.71337890625 0.5208604954367666 0.69580078125 0.5273794002607562 0.67919921875 0.5260756192959583 0.64892578125 0.5136897001303781 0.63916015625 0.5032594524119948 0.6328125 0.4921773142112125 0.62451171875 0.4667535853976532 0.62548828125 0.4498044328552803 0.630859375 0.43285528031290743 0.64501953125 0.41264667535853977 0.66650390625 0.39960886571056065 0.67236328125 0.39960886571056065 0.677734375 0.39504563233376794 0.69140625 0.39374185136897
2 0.50732421875 0.40091264667535853 0.52197265625 0.409387222946545 0.53369140625 0.4230769230769231 0.5390625 0.43285528031290743 0.548828125 0.4661016949152542 0.54931640625 0.48826597131681876 0.5390625 0.5215123859191656 0.52783203125 0.5391134289439374 0.51904296875 0.5495436766623207 0.4970703125 0.559973924380704 0.466796875 0.5508474576271186 0.45166015625 0.5352020860495437 0.4404296875 0.5078226857887875 0.4384765625 0.4654498044328553 0.44580078125 0.44132985658409385 0.46484375 0.41395045632333766 0.4853515625 0.40221642764015647 0.5068359375 0.40091264667535853
2 0.8310546875 0.6505867014341591 0.81591796875 0.6179921773142112 0.81494140625 0.5919165580182529 0.81982421875 0.5697522816166884 0.82763671875 0.5534550195567145 0.8388671875 0.5391134289439374 0.85205078125 0.5273794002607562 0.87255859375 0.5169491525423728 0.8740234375 0.5169491525423728 0.8740234375 0.6766623207301173 0.8544921875 0.6707953063885267 0.84033203125 0.6603650586701434 0.83154296875 0.6505867014341591
2 0.7578125 0.621903520208605 0.7685546875 0.6277705345501956 0.78076171875 0.6414602346805737 0.787109375 0.6544980443285529 0.79248046875 0.6727509778357236 0.8154296875 0.6766623207301173 0.8154296875 0.682529335071708 0.81298828125 0.6864406779661016 0.80126953125 0.6910039113428944 0.79736328125 0.6962190352020861 0.7998046875 0.7151238591916558 0.798828125 0.727509778357236 0.79736328125 0.7346805736636245 0.79052734375 0.7477183833116037 0.78125 0.758148631029987 0.76318359375 0.7646675358539765 0.75 0.7646675358539765 0.72705078125 0.7594524119947849 0.70849609375 0.7490221642764016 0.68798828125 0.7262059973924381 0.6826171875 0.7151238591916558 0.6796875 0.6988265971316818 0.68505859375 0.666232073011734 0.69287109375 0.651238591916558 0.70849609375 0.6329856584093873 0.736328125 0.6192959582790091 0.748046875 0.6186440677966102 0.75732421875 0.621903520208605
2 0.60107421875 0.2457627118644068 0.6181640625 0.2542372881355932 0.63623046875 0.2757496740547588 0.6474609375 0.29726205997392435 0.65283203125 0.3213820078226858 0.6513671875 0.34485006518904826 0.64697265625 0.35984354628422427 0.63671875 0.37353324641460234 0.6240234375 0.3820078226857888 0.60986328125 0.38722294654498046 0.591796875 0.38722294654498046 0.58056640625 0.38396349413298564 0.5634765625 0.3728813559322034 0.54736328125 0.34876140808344197 0.544921875 0.3344198174706649 0.54541015625 0.3200782268578879 0.548828125 0.303129074315515 0.54443359375 0.2940026075619296 0.5458984375 0.2842242503259452 0.55810546875 0.2737940026075619 0.5654296875 0.26010430247718386 0.57275390625 0.2522816166883963 0.5859375 0.2470664928292047 0.6005859375 0.2457627118644068
2 0.78125 0.4302477183833116 0.794921875 0.43741851368970014 0.810546875 0.4602346805736636 0.81884765625 0.48826597131681876 0.82080078125 0.5078226857887875 0.81640625 0.530638852672751 0.8056640625 0.5495436766623207 0.78662109375 0.5619295958279009 0.77734375 0.5638852672750978 0.75830078125 0.560625814863103 0.73974609375 0.5495436766623207 0.72607421875 0.529335071707953 0.72265625 0.516297262059974 0.73046875 0.4941329856584094 0.73486328125 0.470013037809648 0.74267578125 0.4556714471968709 0.7431640625 0.4426336375488918 0.74755859375 0.4367666232073012 0.7607421875 0.42959582790091266 0.78076171875 0.4302477183833116
2 0.48876953125 0.9387222946544981 0.50146484375 0.9426336375488917 0.51708984375 0.9576271186440678 0.52490234375 0.9778357235984355 0.5283203125 0.999348109517601 0.43310546875 0.999348109517601 0.44091796875 0.9752281616688396 0.45361328125 0.9563233376792699 0.4716796875 0.9419817470664928 0.48828125 0.9387222946544981
2 0.3720703125 0.3363754889178618 0.39013671875 0.34028683181225555 0.4169921875 0.35919165580182527 0.42822265625 0.3774445893089961 0.4326171875 0.39765319426336376 0.43115234375 0.4211212516297262 0.42333984375 0.44589308996088656 0.40576171875 0.4706649282920469 0.38427734375 0.48370273794002605 0.36279296875 0.4810951760104302 0.3447265625 0.4667535853976532 0.33154296875 0.44589308996088656 0.32421875 0.4165580182529335 0.32421875 0.39048239895697523 0.326171875 0.3767926988265971 0.33642578125 0.3520208604954368 0.3525390625 0.33833116036505867 0.37158203125 0.3363754889178618
2 0.224609375 0.3709256844850065 0.25244140625 0.3767926988265971 0.2734375 0.39113428943937417 0.28857421875 0.41003911342894395 0.29541015625 0.42894393741851367 0.29833984375 0.4576271186440678 0.296875 0.470013037809648 0.29296875 0.4804432855280313 0.28759765625 0.4895697522816167 0.27392578125 0.5045632333767927 0.25830078125 0.515645371577575 0.25 0.5176010430247718 0.2294921875 0.516297262059974 0.212890625 0.5078226857887875 0.203125 0.4980443285528031 0.185546875 0.4667535853976532 0.177734375 0.44198174706649285 0.17822265625 0.4172099087353325 0.189453125 0.38722294654498046 0.2041015625 0.3748370273794003 0.21728515625 0.37027379400260757 0.22412109375 0.3709256844850065
2 0.50439453125 0 0.60595703125 0 0.60693359375 0.020208604954367666 0.603515625 0.03911342894393742 0.599609375 0.04889178617992177 0.58544921875 0.07235984354628422 0.57568359375 0.08083441981747067 0.560546875 0.08865710560625815 0.53515625 0.08409387222946545 0.52587890625 0.07692307692307693 0.5185546875 0.06714471968709257 0.5107421875 0.05345501955671447 0.505859375 0.03389830508474576 0.5048828125 0.000651890482398957
2 0.8271484375 0.03129074315514994 0.0947265625 0.15645371577574968