3 0.33984375 0.2920469361147327 0.29736328125 0.4048239895697523
2 0.70458984375 0.9530638852672751 0.73095703125 0.9602346805736637 0.7412109375 0.9667535853976532 0.75390625 0.9817470664928292 0.76025390625 0.999348109517601 0.65625 0.999348109517601 0.6552734375 0.9908735332464146 0.6640625 0.970664928292047 0.669921875 0.9628422425032594 0.68212890625 0.953715775749674 0.7041015625 0.9530638852672751
2 0.53173828125 0.666232073011734 0.55029296875 0.6747066492829205 0.5654296875 0.6936114732724902 0.5751953125 0.7222946544980443 0.5751953125 0.7301173402868318 0.57861328125 0.7372881355932204 0.57958984375 0.7535853976531942 0.578125 0.7757496740547588 0.56982421875 0.7992177314211213 0.55810546875 0.8102998696219035 0.5400390625 0.817470664928292 0.50732421875 0.8076923076923077 0.49365234375 0.7992177314211213 0.484375 0.7848761408083442 0.4794921875 0.7614080834419817 0.48046875 0.7392438070404173 0.48974609375 0.6988265971316818 0.498046875 0.6851368970013038 0.5087890625 0.6747066492829205 0.5224609375 0.666883963494133 0.53125 0.666232073011734
2 0.52783203125 0.41851368970013036 0.5439453125 0.4276401564537158 0.564453125 0.4530638852672751 0.5732421875 0.4804432855280313 0.57470703125 0.5058670143415906 0.56787109375 0.529335071707953 0.5576171875 0.5449804432855281 0.5439453125 0.5567144719687093 0.52294921875 0.5658409387222947 0.50439453125 0.5645371577574967 0.4814453125 0.5501955671447197 0.462890625 0.5254237288135594 0.4560546875 0.5026075619295959 0.455078125 0.4908735332464146 0.4619140625 0.4556714471968709 0.4736328125 0.43546284224250326 0.498046875 0.41916558018252936 0.52734375 0.41851368970013036
2 0.9609375 0.8011734028683182 0.9775390625 0.8063885267275098 0.99951171875 0.8265971316818774 0.99951171875 0.9615384615384616 0.98828125 0.9628422425032594 0.9560546875 0.9569752281616688 0.91845703125 0.9426336375488917 0.9091796875 0.9315514993481095 0.904296875 0.9211212516297262 0.89453125 0.8826597131681877 0.8955078125 0.8670143415906127 0.8994140625 0.8520208604954368 0.91455078125 0.8239895697522817 0.93212890625 0.8063885267275098 0.9501953125 0.8011734028683182 0.96044921875 0.8011734028683182
2 0.43408203125 0.9211212516297262 0.453125 0.9308996088657105 0.466796875 0.9458930899608866 0.4794921875 0.970013037809648 0.4873046875 0.999348109517601 0.36767578125 0.999348109517601 0.3720703125 0.9732724902216427 0.3798828125 0.954367666232073 0.390625 0.9374185136897001 0.41162109375 0.9217731421121251 0.43359375 0.9211212516297262
2 0.3583984375 0.7405475880052151 0.37548828125 0.7470664928292047 0.38671875 0.757496740547588 0.39501953125 0.7692307692307693 0.4013671875 0.7803129074315515 0.408203125 0.8024771838331161 0.4111328125 0.8200782268578879 0.41015625 0.8376792698826597 0.4013671875 0.864406779661017 0.39404296875 0.8748370273794003 0.38427734375 0.8833116036505867 0.37060546875 0.8904823989569752 0.36767578125 0.9211212516297262 0.36328125 0.9211212516297262 0.3603515625 0.9178617992177314 0.35693359375 0.9022164276401564 0.35302734375 0.8970013037809648 0.3388671875 0.9002607561929595 0.32958984375 0.8989569752281616 0.32421875 0.8970013037809648 0.314453125 0.8878748370273793 0.306640625 0.8754889178617992 0.3017578125 0.8513689700130378 0.3017578125 0.833767926988266 0.3056640625 0.803129074315515 0.31640625 0.772490221642764 0.33056640625 0.7509778357235984 0.337890625 0.7444589308996089 0.34765625 0.7405475880052151 0.35791015625 0.7405475880052151
2 0.66015625 0.560625814863103 0.66552734375 0.5671447196870926 0.66943359375 0.5775749674054759 0.6796875 0.5873533246414603 0.685546875 0.5971316818774446 0.689453125 0.6147327249022164 0.6904296875 0.6349413298565841 0.68408203125 0.6577574967405476 0.66796875 0.681877444589309 0.65185546875 0.696870925684485 0.6337890625 0.7040417209908736 0.61865234375 0.7027379400260756 0.60888671875 0.6988265971316818 0.5947265625 0.682529335071708 0.5849609375 0.651890482398957 0.58447265625 0.622555410691004 0.5869140625 0.6075619295958279 0.59521484375 0.5847457627118644 0.61328125 0.5632333767926988 0.63134765625 0.559973924380704 0.6474609375 0.5651890482398957 0.654296875 0.559322033898305 0.65966796875 0.560625814863103
2 0.48974609375 0.7979139504563233 0.50439453125 0.8076923076923077 0.5224609375 0.8135593220338984 0.533203125 0.8239895697522817 0.54296875 0.8246414602346805 0.55029296875 0.8383311603650587 0.55322265625 0.8533246414602347 0.55029296875 0.8852672750977836 0.54052734375 0.9035202086049544 0.52978515625 0.9146023468057366 0.5166015625 0.9224250325945241 0.498046875 0.9282920469361148 0.48046875 0.924380704041721 0.4677734375 0.9146023468057366 0.45703125 0.894393741851369 0.4521484375 0.8702737940026075 0.45458984375 0.8448500651890483 0.462890625 0.8200782268578879 0.47802734375 0.8018252933507171 0.4892578125 0.7979139504563233
2 0.1201171875 0.408735332464146 0.1376953125 0.4165580182529335 0.150390625 0.4276401564537158 0.16162109375 0.4445893089960887 0.1689453125 0.4621903520208605 0.17138671875 0.4745762711864407 0.16845703125 0.5019556714471969 0.1572265625 0.5228161668839635 0.1376953125 0.5352020860495437 0.12158203125 0.5384615384615384 0.10791015625 0.5378096479791395 0.09521484375 0.5338983050847458 0.07666015625 0.5221642764015645 0.06396484375 0.5052151238591917 0.05615234375 0.4758800521512386 0.05615234375 0.4654498044328553 0.060546875 0.4517601043024772 0.0732421875 0.43089960886571055 0.0849609375 0.42046936114732725 0.103515625 0.4106910039113429 0.11962890625 0.408735332464146
2 0.57177734375 0.2646675358539765 0.59228515625 0.26792698826597133 0.61083984375 0.2816166883963494 0.6201171875 0.29986962190352023 0.62255859375 0.31877444589308995 0.6201171875 0.3513689700130378 0.60546875 0.3891786179921773 0.591796875 0.4041720990873533 0.57666015625 0.41003911342894395 0.55908203125 0.40808344198174706 0.54052734375 0.39765319426336376 0.52197265625 0.3741851368970013 0.51220703125 0.3455019556714472 0.51416015625 0.31681877444589307 0.52490234375 0.2926988265971317 0.533203125 0.2816166883963494 0.54345703125 0.273142112125163 0.5576171875 0.2666232073011734 0.5712890625 0.2646675358539765
2 0.55712890625 0.0697522816166884 0.56787109375 0.07301173402868318 0.57861328125 0.08018252933507171 0.58642578125 0.0880052151238592 0.59130859375 0.09778357235984354 0.59716796875 0.12255541069100391 0.59423828125 0.15840938722294653 0.591796875 0.1714471968709257 0.58154296875 0.19752281616688397 0.5673828125 0.21773142112125163 0.55322265625 0.22685788787483702 0.53515625 0.23076923076923078 0.5224609375 0.2288135593220339 0.5146484375 0.22359843546284225 0.5078125 0.21642764015645372 0.49658203125 0.1981747066492829 0.48779296875 0.17535853976531943 0.4873046875 0.1421121251629726 0.494140625 0.1166883963494133 0.50537109375 0.0984354628422425 0.52490234375 0.08018252933507171 0.53515625 0.07366362451108213 0.546875 0.06910039113428944 0.556640625 0.0697522816166884
2 0.99658203125 0.33116036505867014 0.99951171875 0.3318122555410691 0.99951171875 0.46870925684485004 0.98388671875 0.4726205997392438 0.9599609375 0.47131681877444587 0.94970703125 0.4667535853976532 0.94140625 0.4595827900912647 0.92919921875 0.43285528031290743 0.9287109375 0.4152542372881356 0.935546875 0.378748370273794 0.953125 0.35071707953063885 0.962890625 0.34028683181225555 0.97412109375 0.3344198174706649 0.98291015625 0.33116036505867014 0.99609375 0.33116036505867014
2 0.89404296875 0.5065189048239895 0.900390625 0.5104302477183833 0.916015625 0.5312907431551499 0.921875 0.5488917861799217 0.9228515625 0.5795306388526728 0.9150390625 0.6075619295958279 0.9033203125 0.6264667535853976 0.89013671875 0.636245110821382 0.869140625 0.6427640156453716 0.859375 0.6427640156453716 0.84521484375 0.6382007822685789 0.8203125 0.6140808344198174 0.81396484375 0.6010430247718384 0.80810546875 0.5808344198174706 0.81005859375 0.5534550195567145 0.81689453125 0.5345501955671447 0.83544921875 0.5136897001303781 0.85791015625 0.5058670143415906 0.88818359375 0.5045632333767927 0.8935546875 0.5065189048239895
2 0.869140625 0.8748370273794003 0.8916015625 0.8898305084745762 0.89892578125 0.9054758800521513 0.90576171875 0.9289439374185137 0.9091796875 0.9511082138200783 0.9091796875 0.9771838331160365 0.90576171875 0.999348109517601 0.80615234375 0.999348109517601 0.79541015625 0.9784876140808344 0.79248046875 0.9589308996088657 0.79345703125 0.9439374185136897 0.798828125 0.923728813559322 0.806640625 0.9106910039113429 0.82470703125 0.8878748370273793 0.83740234375 0.878748370273794 0.8544921875 0.8735332464146024 0.86865234375 0.8748370273794003